newpath path1
PosEuler 0.44083 4.01351 1.6 1.48353 -0.120957 0.0
tween 0.0333333
PosEuler 0.442856 3.98027 1.6 1.48591 -0.120957 0.0
tween 0.0333333
PosEuler 0.444838 3.94691 1.6 1.48853 -0.120957 0.0
tween 0.0333333
PosEuler 0.446774 3.91343 1.6 1.49138 -0.120957 0.0
tween 0.0333333
PosEuler 0.448664 3.87983 1.6 1.49448 -0.120957 0.0
tween 0.0333333
PosEuler 0.450507 3.84613 1.6 1.49783 -0.120957 0.0
tween 0.0333333
PosEuler 0.452303 3.81233 1.6 1.50141 -0.120957 0.0
tween 0.0333333
PosEuler 0.454047 3.77843 1.6 1.50524 -0.120957 0.0
tween 0.0333333
PosEuler 0.455737 3.74445 1.6 1.50931 -0.120957 0.0
tween 0.0333333
PosEuler 0.457379 3.71039 1.6 1.51363 -0.120957 0.0
tween 0.0333333
PosEuler 0.458973 3.67625 1.6 1.51819 -0.120957 0.0
tween 0.0333333
PosEuler 0.460517 3.64204 1.6 1.523 -0.120957 0.0
tween 0.0333333
PosEuler 0.462013 3.60776 1.6 1.52805 -0.120957 0.0
tween 0.0333333
PosEuler 0.46346 3.57342 1.6 1.53335 -0.120957 0.0
tween 0.0333333
PosEuler 0.464856 3.53902 1.6 1.5389 -0.120957 0.0
tween 0.0333333
PosEuler 0.466201 3.50456 1.6 1.5447 -0.120957 0.0
tween 0.0333333
PosEuler 0.467491 3.47006 1.6 1.55075 -0.120957 0.0
tween 0.0333333
PosEuler 0.468732 3.4355 1.6 1.55704 -0.120957 0.0
tween 0.0333333
PosEuler 0.469923 3.40091 1.6 1.56359 -0.120957 0.0
tween 0.0333333
PosEuler 0.471064 3.36627 1.6 1.57039 -0.120957 0.0
tween 0.0333333
PosEuler 0.472155 3.3316 1.6 1.57743 -0.120957 0.0
tween 0.0333333
PosEuler 0.473197 3.2969 1.6 1.58473 -0.120957 0.0
tween 0.0333333
PosEuler 0.474188 3.26216 1.6 1.59228 -0.120957 0.0
tween 0.0333333
PosEuler 0.475129 3.2274 1.6 1.60008 -0.120957 0.0
tween 0.0333333
PosEuler 0.47602 3.19262 1.6 1.60813 -0.120957 0.0
tween 0.0333333
PosEuler 0.47686 3.15781 1.6 1.61644 -0.120957 0.0
tween 0.0333333
PosEuler 0.477651 3.12298 1.6 1.625 -0.120957 0.0
tween 0.0333333
PosEuler 0.47839 3.08814 1.6 1.63381 -0.120957 0.0
tween 0.0333333
PosEuler 0.479077 3.05329 1.6 1.64287 -0.120957 0.0
tween 0.0333333
PosEuler 0.479714 3.01843 1.6 1.65219 -0.120957 0.0
tween 0.0333333
PosEuler 0.480301 2.98356 1.6 1.66176 -0.120957 0.0
tween 0.0333333
PosEuler 0.480839 2.94869 1.6 1.67159 -0.120957 0.0
tween 0.0333333
PosEuler 0.481326 2.91381 1.6 1.68166 -0.120957 0.0
tween 0.0333333
PosEuler 0.481764 2.87894 1.6 1.69199 -0.120957 0.0
tween 0.0333333
PosEuler 0.482152 2.84407 1.6 1.70258 -0.120957 0.0
tween 0.0333333
PosEuler 0.482489 2.80921 1.6 1.71342 -0.120957 0.0
tween 0.0333333
PosEuler 0.482777 2.77436 1.6 1.72451 -0.120957 0.0
tween 0.0333333
PosEuler 0.483015 2.73952 1.6 1.73585 -0.120957 0.0
tween 0.0333333
PosEuler 0.483204 2.70469 1.6 1.74745 -0.120957 0.0
tween 0.0333333
PosEuler 0.483342 2.66989 1.6 1.7593 -0.120957 0.0
tween 0.0333333
PosEuler 0.48343 2.6351 1.6 1.7714 -0.120957 0.0
tween 0.0333333
PosEuler 0.483469 2.60034 1.6 1.78375 -0.120957 0.0
tween 0.0333333
PosEuler 0.483457 2.56561 1.6 1.79636 -0.120957 0.0
tween 0.0333333
PosEuler 0.483396 2.53091 1.6 1.80921 -0.120957 0.0
tween 0.0333333
PosEuler 0.483285 2.49624 1.6 1.82232 -0.120957 0.0
tween 0.0333333
PosEuler 0.483124 2.46161 1.6 1.83568 -0.120957 0.0
tween 0.0333333
PosEuler 0.482912 2.42701 1.6 1.84928 -0.120957 0.0
tween 0.0333333
PosEuler 0.482649 2.39247 1.6 1.86313 -0.120957 0.0
tween 0.0333333
PosEuler 0.482334 2.35796 1.6 1.87723 -0.120957 0.0
tween 0.0333333
PosEuler 0.481969 2.32352 1.6 1.89158 -0.120957 0.0
tween 0.0333333
PosEuler 0.481553 2.28912 1.6 1.90617 -0.120957 0.0
tween 0.0333333
PosEuler 0.481087 2.25479 1.6 1.921 -0.120957 0.0
tween 0.0333333
PosEuler 0.48057 2.22052 1.6 1.93608 -0.120957 0.0
tween 0.0333333
PosEuler 0.480002 2.18631 1.6 1.9514 -0.120957 0.0
tween 0.0333333
PosEuler 0.479383 2.15218 1.6 1.96696 -0.120957 0.0
tween 0.0333333
PosEuler 0.478713 2.11813 1.6 1.98276 -0.120957 0.0
tween 0.0333333
PosEuler 0.477988 2.08416 1.6 1.9988 -0.120957 0.0
tween 0.0333333
PosEuler 0.477208 2.05028 1.6 2.01507 -0.120957 0.0
tween 0.0333333
PosEuler 0.476378 2.0165 1.6 2.03158 -0.120957 0.0
tween 0.0333333
PosEuler 0.475495 1.98281 1.6 2.04832 -0.120957 0.0
tween 0.0333333
PosEuler 0.47456 1.94924 1.6 2.06529 -0.120957 0.0
tween 0.0333333
PosEuler 0.473566 1.91578 1.6 2.08248 -0.120957 0.0
tween 0.0333333
PosEuler 0.472517 1.88244 1.6 2.09991 -0.120957 0.0
tween 0.0333333
PosEuler 0.471414 1.84924 1.6 2.11755 -0.120957 0.0
tween 0.0333333
PosEuler 0.470258 1.81618 1.6 2.13542 -0.120957 0.0
tween 0.0333333
PosEuler 0.469038 1.78327 1.6 2.15351 -0.120957 0.0
tween 0.0333333
PosEuler 0.467761 1.75052 1.6 2.17181 -0.120957 0.0
tween 0.0333333
PosEuler 0.46643 1.71794 1.6 2.19032 -0.120957 0.0
tween 0.0333333
PosEuler 0.465031 1.68556 1.6 2.20904 -0.120957 0.0
tween 0.0333333
PosEuler 0.463574 1.65337 1.6 2.22797 -0.120957 0.0
tween 0.0333333
PosEuler 0.462054 1.6214 1.6 2.24711 -0.120957 0.0
tween 0.0333333
PosEuler 0.460466 1.58968 1.6 2.26644 -0.120957 0.0
tween 0.0333333
PosEuler 0.458815 1.5582 1.6 2.28597 -0.120957 0.0
tween 0.0333333
PosEuler 0.457091 1.52701 1.6 2.30569 -0.120957 0.0
tween 0.0333333
PosEuler 0.455297 1.49613 1.6 2.3256 -0.120957 0.0
tween 0.0333333
PosEuler 0.453428 1.46558 1.6 2.34569 -0.120957 0.0
tween 0.0333333
PosEuler 0.451478 1.43541 1.6 2.36597 -0.120957 0.0
tween 0.0333333
PosEuler 0.449449 1.40565 1.6 2.38641 -0.120957 0.0
tween 0.0333333
PosEuler 0.447334 1.37635 1.6 2.40703 -0.120957 0.0
tween 0.0333333
PosEuler 0.445118 1.34757 1.6 2.42782 -0.120957 0.0
tween 0.0333333
PosEuler 0.442801 1.31938 1.6 2.44876 -0.120957 0.0
tween 0.0333333
PosEuler 0.440372 1.29187 1.6 2.46986 -0.120957 0.0
tween 0.0333333
PosEuler 0.437817 1.26514 1.6 2.4911 -0.120957 0.0
tween 0.0333333
PosEuler 0.43511 1.23934 1.6 2.51249 -0.120957 0.0
tween 0.0333333
PosEuler 0.432219 1.21466 1.6 2.53402 -0.120957 0.0
tween 0.0333333
PosEuler 0.429086 1.19137 1.6 2.55568 -0.120957 0.0
tween 0.0333333
PosEuler 0.42426 1.16399 1.6 2.57746 -0.120957 0.0
tween 0.0333333
PosEuler 0.417327 1.1347 1.6 2.59935 -0.120957 0.0
tween 0.0333333
PosEuler 0.408466 1.10524 1.6 2.62136 -0.120957 0.0
tween 0.0333333
PosEuler 0.397737 1.07604 1.6 2.64347 -0.120957 0.0
tween 0.0333333
PosEuler 0.385211 1.04731 1.6 2.66567 -0.120957 0.0
tween 0.0333333
PosEuler 0.370969 1.01921 1.6 2.68796 -0.120957 0.0
tween 0.0333333
PosEuler 0.3551 0.991845 1.6 2.71033 -0.120957 0.0
tween 0.0333333
PosEuler 0.337693 0.965319 1.6 2.73277 -0.120957 0.0
tween 0.0333333
PosEuler 0.31884 0.9397 1.6 2.75527 -0.120957 0.0
tween 0.0333333
PosEuler 0.298631 0.91505 1.6 2.77782 -0.120957 0.0
tween 0.0333333
PosEuler 0.277151 0.891423 1.6 2.80042 -0.120957 0.0
tween 0.0333333
PosEuler 0.254481 0.868866 1.6 2.82304 -0.120957 0.0
tween 0.0333333
PosEuler 0.230698 0.84742 1.6 2.84569 -0.120957 0.0
tween 0.0333333
PosEuler 0.205875 0.827129 1.6 2.86835 -0.120957 0.0
tween 0.0333333
PosEuler 0.180077 0.808035 1.6 2.89101 -0.120957 0.0
tween 0.0333333
PosEuler 0.15337 0.790182 1.6 2.91365 -0.120957 0.0
tween 0.0333333
PosEuler 0.125809 0.773623 1.6 2.93628 -0.120957 0.0
tween 0.0333333
PosEuler 0.0974514 0.758418 1.6 2.95887 -0.120957 0.0
tween 0.0333333
PosEuler 0.0683589 0.74462 1.6 2.98142 -0.120957 0.0
tween 0.0333333
PosEuler 0.0385888 0.732297 1.6 3.0039 -0.120957 0.0
tween 0.0333333
PosEuler 0.00820076 0.721534 1.6 3.02632 -0.120957 0.0
tween 0.0333333
PosEuler -0.0227467 0.712442 1.6 3.04865 -0.120957 0.0
tween 0.0333333
PosEuler -0.0541711 0.7051 1.6 3.07087 -0.120957 0.0
tween 0.0333333
PosEuler -0.085993 0.699651 1.6 3.09299 -0.120957 0.0
tween 0.0333333
PosEuler -0.118143 0.69669 1.6 3.11497 -0.120957 0.0
tween 0.0333333
PosEuler -0.150416 0.69787 1.6 3.13681 -0.120957 0.0
tween 0.0333333
PosEuler -0.182333 0.7029 1.6 -3.12469 -0.120957 0.0
tween 0.0333333
PosEuler -0.213567 0.711237 1.6 -3.10318 -0.120957 0.0
tween 0.0333333
PosEuler -0.243924 0.72239 1.6 -3.08187 -0.120957 0.0
tween 0.0333333
PosEuler -0.273312 0.735922 1.6 -3.06076 -0.120957 0.0
tween 0.0333333
PosEuler -0.301701 0.751463 1.6 -3.03988 -0.120957 0.0
tween 0.0333333
PosEuler -0.329092 0.768723 1.6 -3.01924 -0.120957 0.0
tween 0.0333333
PosEuler -0.355493 0.787478 1.6 -2.99887 -0.120957 0.0
tween 0.0333333
PosEuler -0.380945 0.807516 1.6 -2.97877 -0.120957 0.0
tween 0.0333333
PosEuler -0.405475 0.828685 1.6 -2.95897 -0.120957 0.0
tween 0.0333333
PosEuler -0.429094 0.850877 1.6 -2.93948 -0.120957 0.0
tween 0.0333333
PosEuler -0.451845 0.873968 1.6 -2.92034 -0.120957 0.0
tween 0.0333333
PosEuler -0.473748 0.897874 1.6 -2.90155 -0.120957 0.0
tween 0.0333333
PosEuler -0.494819 0.922524 1.6 -2.88313 -0.120957 0.0
tween 0.0333333
PosEuler -0.515074 0.947857 1.6 -2.86512 -0.120957 0.0
tween 0.0333333
PosEuler -0.534525 0.973819 1.6 -2.84752 -0.120957 0.0
tween 0.0333333
PosEuler -0.553181 1.00036 1.6 -2.83036 -0.120957 0.0
tween 0.0333333
PosEuler -0.571048 1.02745 1.6 -2.81366 -0.120957 0.0
tween 0.0333333
PosEuler -0.58813 1.05505 1.6 -2.79745 -0.120957 0.0
tween 0.0333333
PosEuler -0.604416 1.08313 1.6 -2.78174 -0.120957 0.0
tween 0.0333333
PosEuler -0.619905 1.11166 1.6 -2.76656 -0.120957 0.0
tween 0.0333333
PosEuler -0.6346 1.14061 1.6 -2.75193 -0.120957 0.0
tween 0.0333333
PosEuler -0.648495 1.16996 1.6 -2.73787 -0.120957 0.0
tween 0.0333333
PosEuler -0.661568 1.19969 1.6 -2.72442 -0.120957 0.0
tween 0.0333333
PosEuler -0.673798 1.22978 1.6 -2.71158 -0.120957 0.0
tween 0.0333333
PosEuler -0.68519 1.26021 1.6 -2.69939 -0.120957 0.0
tween 0.0333333
PosEuler -0.695726 1.29094 1.6 -2.68786 -0.120957 0.0
tween 0.0333333
PosEuler -0.70535 1.32197 1.6 -2.67703 -0.120957 0.0
tween 0.0333333
PosEuler -0.714077 1.35327 1.6 -2.66692 -0.120957 0.0
tween 0.0333333
PosEuler -0.721885 1.38481 1.6 -2.65755 -0.120957 0.0
tween 0.0333333
PosEuler -0.728674 1.41659 1.6 -2.64894 -0.120957 0.0
tween 0.0333333
PosEuler -0.734091 1.44864 1.6 -2.64112 -0.120957 0.0
tween 0.0333333
PosEuler -0.738145 1.48089 1.6 -2.63412 -0.120957 0.0
tween 0.0333333
PosEuler -0.741061 1.51326 1.6 -2.62795 -0.120957 0.0
tween 0.0333333
PosEuler -0.742972 1.54571 1.6 -2.62265 -0.120957 0.0
tween 0.0333333
PosEuler -0.744052 1.57821 1.6 -2.61824 -0.120957 0.0
tween 0.0333333
PosEuler -0.744404 1.61072 1.6 -2.61473 -0.120957 0.0
tween 0.0333333
PosEuler -0.744115 1.64323 1.6 -2.61216 -0.120957 0.0
tween 0.0333333
PosEuler -0.743263 1.67574 1.6 -2.61055 -0.120957 0.0
tween 0.0333333
PosEuler -0.741913 1.70823 1.6 -2.60992 -0.120957 0.0
tween 0.0333333
PosEuler -0.740121 1.7407 1.6 -2.61062 -0.120957 0.0
tween 0.0333333
PosEuler -0.737936 1.77315 1.6 -2.61282 -0.120957 0.0
tween 0.0333333
PosEuler -0.735403 1.80558 1.6 -2.61635 -0.120957 0.0
tween 0.0333333
PosEuler -0.732559 1.83798 1.6 -2.62103 -0.120957 0.0
tween 0.0333333
PosEuler -0.729436 1.87036 1.6 -2.62675 -0.120957 0.0
tween 0.0333333
PosEuler -0.726066 1.90271 1.6 -2.63339 -0.120957 0.0
tween 0.0333333
PosEuler -0.722473 1.93504 1.6 -2.64087 -0.120957 0.0
tween 0.0333333
PosEuler -0.71867 1.96735 1.6 -2.64912 -0.120957 0.0
tween 0.0333333
PosEuler -0.714692 1.99964 1.6 -2.65806 -0.120957 0.0
tween 0.0333333
PosEuler -0.710558 2.03191 1.6 -2.66764 -0.120957 0.0
tween 0.0333333
PosEuler -0.706287 2.06416 1.6 -2.6778 -0.120957 0.0
tween 0.0333333
PosEuler -0.701886 2.0964 1.6 -2.6885 -0.120957 0.0
tween 0.0333333
PosEuler -0.697381 2.12862 1.6 -2.69971 -0.120957 0.0
tween 0.0333333
PosEuler -0.692788 2.16084 1.6 -2.71139 -0.120957 0.0
tween 0.0333333
PosEuler -0.688117 2.19304 1.6 -2.7235 -0.120957 0.0
tween 0.0333333
PosEuler -0.683382 2.22523 1.6 -2.73602 -0.120957 0.0
tween 0.0333333
PosEuler -0.6786 2.25742 1.6 -2.74892 -0.120957 0.0
tween 0.0333333
PosEuler -0.673784 2.2896 1.6 -2.76218 -0.120957 0.0
tween 0.0333333
PosEuler -0.668944 2.32178 1.6 -2.77578 -0.120957 0.0
tween 0.0333333
PosEuler -0.664098 2.35396 1.6 -2.78969 -0.120957 0.0
tween 0.0333333
PosEuler -0.659255 2.38614 1.6 -2.8039 -0.120957 0.0
tween 0.0333333
PosEuler -0.654431 2.41832 1.6 -2.8184 -0.120957 0.0
tween 0.0333333
PosEuler -0.64964 2.45051 1.6 -2.83316 -0.120957 0.0
tween 0.0333333
PosEuler -0.644894 2.4827 1.6 -2.84818 -0.120957 0.0
tween 0.0333333
PosEuler -0.640207 2.51491 1.6 -2.86343 -0.120957 0.0
tween 0.0333333
PosEuler -0.635601 2.54713 1.6 -2.87892 -0.120957 0.0
tween 0.0333333
PosEuler -0.631087 2.57936 1.6 -2.89462 -0.120957 0.0
tween 0.0333333
PosEuler -0.626682 2.6116 1.6 -2.91052 -0.120957 0.0
tween 0.0333333
PosEuler -0.622403 2.64387 1.6 -2.92663 -0.120957 0.0
tween 0.0333333
PosEuler -0.618277 2.67615 1.6 -2.94291 -0.120957 0.0
tween 0.0333333
PosEuler -0.614325 2.70845 1.6 -2.95938 -0.120957 0.0
tween 0.0333333
PosEuler -0.610568 2.74078 1.6 -2.97602 -0.120957 0.0
tween 0.0333333
PosEuler -0.607034 2.77313 1.6 -2.99281 -0.120957 0.0
tween 0.0333333
PosEuler -0.603755 2.80551 1.6 -3.00976 -0.120957 0.0
tween 0.0333333
PosEuler -0.600765 2.83792 1.6 -3.02686 -0.120957 0.0
tween 0.0333333
PosEuler -0.598106 2.87036 1.6 -3.0441 -0.120957 0.0
tween 0.0333333
PosEuler -0.595825 2.90282 1.6 -3.06147 -0.120957 0.0
tween 0.0333333
PosEuler -0.593977 2.93531 1.6 -3.07897 -0.120957 0.0
tween 0.0333333
PosEuler -0.592624 2.96783 1.6 -3.09659 -0.120957 0.0
tween 0.0333333
PosEuler -0.591841 3.00036 1.6 -3.11433 -0.120957 0.0
tween 0.0333333
PosEuler -0.591724 3.03291 1.6 -3.13218 -0.120957 0.0
tween 0.0333333
PosEuler -0.592417 3.06545 1.6 3.13304 -0.120957 0.0
tween 0.0333333
PosEuler -0.593916 3.09795 1.6 3.11498 -0.120957 0.0
tween 0.0333333
PosEuler -0.595364 3.13047 1.6 3.09683 -0.120957 0.0
tween 0.0333333
PosEuler -0.596502 3.16299 1.6 3.07858 -0.120957 0.0
tween 0.0333333
PosEuler -0.597376 3.19552 1.6 3.06024 -0.120957 0.0
tween 0.0333333
PosEuler -0.598034 3.22806 1.6 3.04182 -0.120957 0.0
tween 0.0333333
PosEuler -0.598526 3.2606 1.6 3.02332 -0.120957 0.0
tween 0.0333333
PosEuler -0.598891 3.29314 1.6 3.00474 -0.120957 0.0
tween 0.0333333
PosEuler -0.599178 3.32568 1.6 2.98609 -0.120957 0.0
tween 0.0333333
PosEuler -0.599429 3.35822 1.6 2.96736 -0.120957 0.0
tween 0.0333333
PosEuler -0.599689 3.39076 1.6 2.94858 -0.120957 0.0
tween 0.0333333
PosEuler -0.600005 3.4233 1.6 2.92972 -0.120957 0.0
tween 0.0333333
PosEuler -0.600424 3.45583 1.6 2.91081 -0.120957 0.0
tween 0.0333333
PosEuler -0.601001 3.48837 1.6 2.89185 -0.120957 0.0
tween 0.0333333
PosEuler -0.601787 3.5209 1.6 2.87283 -0.120957 0.0
tween 0.0333333
PosEuler -0.602851 3.55342 1.6 2.85376 -0.120957 0.0
tween 0.0333333
PosEuler -0.604251 3.58592 1.6 2.83464 -0.120957 0.0
tween 0.0333333
PosEuler -0.606079 3.61841 1.6 2.81547 -0.120957 0.0
tween 0.0333333
PosEuler -0.608418 3.65086 1.6 2.79627 -0.120957 0.0
tween 0.0333333
PosEuler -0.61137 3.68326 1.6 2.77703 -0.120957 0.0
tween 0.0333333
PosEuler -0.615062 3.71558 1.6 2.75775 -0.120957 0.0
tween 0.0333333
PosEuler -0.619649 3.74779 1.6 2.73843 -0.120957 0.0
tween 0.0333333
PosEuler -0.625317 3.77983 1.6 2.71908 -0.120957 0.0
tween 0.0333333
PosEuler -0.632289 3.8116 1.6 2.69971 -0.120957 0.0
tween 0.0333333
PosEuler -0.640833 3.84298 1.6 2.68031 -0.120957 0.0
tween 0.0333333
PosEuler -0.651304 3.87378 1.6 2.66088 -0.120957 0.0
tween 0.0333333
PosEuler -0.664105 3.90367 1.6 2.64143 -0.120957 0.0
tween 0.0333333
PosEuler -0.67973 3.93218 1.6 2.62196 -0.120957 0.0
tween 0.0333333
PosEuler -0.698614 3.95864 1.6 2.60248 -0.120957 0.0
tween 0.0333333
PosEuler -0.721064 3.98213 1.6 2.58298 -0.120957 0.0
tween 0.0333333
PosEuler -0.747043 4.00163 1.6 2.56346 -0.120957 0.0
tween 0.0333333
PosEuler -0.775983 4.01639 1.6 2.54394 -0.120957 0.0
tween 0.0333333
PosEuler -0.806955 4.0262 1.6 2.52441 -0.120957 0.0
tween 0.0333333
PosEuler -0.839037 4.03138 1.6 2.50487 -0.120957 0.0
tween 0.0333333
PosEuler -0.871519 4.03259 1.6 2.48533 -0.120957 0.0
tween 0.0333333
PosEuler -0.903945 4.03034 1.6 2.46578 -0.120957 0.0
tween 0.0333333
PosEuler -0.935875 4.0243 1.6 2.44624 -0.120957 0.0
tween 0.0333333
PosEuler -0.966709 4.01406 1.6 2.4267 -0.120957 0.0
tween 0.0333333
PosEuler -0.995709 3.99942 1.6 2.40716 -0.120957 0.0
tween 0.0333333
PosEuler -1.02218 3.98058 1.6 2.38763 -0.120957 0.0
tween 0.0333333
PosEuler -1.04566 3.95812 1.6 2.36811 -0.120957 0.0
tween 0.0333333
PosEuler -1.066 3.93278 1.6 2.34859 -0.120957 0.0
tween 0.0333333
PosEuler -1.08328 3.90526 1.6 2.3291 -0.120957 0.0
tween 0.0333333
PosEuler -1.09783 3.8762 1.6 2.30961 -0.120957 0.0
tween 0.0333333
PosEuler -1.10997 3.84605 1.6 2.29015 -0.120957 0.0
tween 0.0333333
PosEuler -1.12001 3.81513 1.6 2.2707 -0.120957 0.0
tween 0.0333333
PosEuler -1.12823 3.78368 1.6 2.25128 -0.120957 0.0
tween 0.0333333
PosEuler -1.13489 3.75187 1.6 2.23188 -0.120957 0.0
tween 0.0333333
PosEuler -1.14019 3.7198 1.6 2.2125 -0.120957 0.0
tween 0.0333333
PosEuler -1.14432 3.68756 1.6 2.19315 -0.120957 0.0
tween 0.0333333
PosEuler -1.14742 3.65521 1.6 2.17384 -0.120957 0.0
tween 0.0333333
PosEuler -1.14959 3.62278 1.6 2.15455 -0.120957 0.0
tween 0.0333333
PosEuler -1.15095 3.5903 1.6 2.1353 -0.120957 0.0
tween 0.0333333
PosEuler -1.15159 3.55781 1.6 2.11609 -0.120957 0.0
tween 0.0333333
PosEuler -1.15157 3.52531 1.6 2.09692 -0.120957 0.0
tween 0.0333333
PosEuler -1.15096 3.49282 1.6 2.07779 -0.120957 0.0
tween 0.0333333
PosEuler -1.14982 3.46035 1.6 2.0587 -0.120957 0.0
tween 0.0333333
PosEuler -1.1482 3.42789 1.6 2.03966 -0.120957 0.0
tween 0.0333333
PosEuler -1.14611 3.39547 1.6 2.02067 -0.120957 0.0
tween 0.0333333
PosEuler -1.14363 3.36307 1.6 2.00173 -0.120957 0.0
tween 0.0333333
PosEuler -1.14077 3.3307 1.6 1.98284 -0.120957 0.0
tween 0.0333333
PosEuler -1.13756 3.29838 1.6 1.96401 -0.120957 0.0
tween 0.0333333
PosEuler -1.13403 3.26608 1.6 1.94524 -0.120957 0.0
tween 0.0333333
PosEuler -1.1302 3.23382 1.6 1.92653 -0.120957 0.0
tween 0.0333333
PosEuler -1.12609 3.2016 1.6 1.90789 -0.120957 0.0
tween 0.0333333
PosEuler -1.12173 3.16941 1.6 1.88931 -0.120957 0.0
tween 0.0333333
PosEuler -1.11712 3.13726 1.6 1.87081 -0.120957 0.0
tween 0.0333333
PosEuler -1.11229 3.10514 1.6 1.85238 -0.120957 0.0
tween 0.0333333
PosEuler -1.10726 3.07305 1.6 1.83402 -0.120957 0.0
tween 0.0333333
PosEuler -1.10199 3.04101 1.6 1.81575 -0.120957 0.0
tween 0.0333333
PosEuler -1.09645 3.00901 1.6 1.79755 -0.120957 0.0
tween 0.0333333
PosEuler -1.09067 2.97705 1.6 1.77945 -0.120957 0.0
tween 0.0333333
PosEuler -1.08467 2.94514 1.6 1.76143 -0.120957 0.0
tween 0.0333333
PosEuler -1.07846 2.91327 1.6 1.74351 -0.120957 0.0
tween 0.0333333
PosEuler -1.07207 2.88144 1.6 1.72568 -0.120957 0.0
tween 0.0333333
PosEuler -1.0655 2.84964 1.6 1.70796 -0.120957 0.0
tween 0.0333333
PosEuler -1.05875 2.81789 1.6 1.69034 -0.120957 0.0
tween 0.0333333
PosEuler -1.05185 2.78616 1.6 1.67283 -0.120957 0.0
tween 0.0333333
PosEuler -1.0448 2.75448 1.6 1.65543 -0.120957 0.0
tween 0.0333333
PosEuler -1.03758 2.72283 1.6 1.63815 -0.120957 0.0
tween 0.0333333
PosEuler -1.03022 2.69122 1.6 1.62099 -0.120957 0.0
tween 0.0333333
PosEuler -1.02271 2.65965 1.6 1.60396 -0.120957 0.0
tween 0.0333333
PosEuler -1.01505 2.62811 1.6 1.58705 -0.120957 0.0
tween 0.0333333
PosEuler -1.00726 2.5966 1.6 1.57029 -0.120957 0.0
tween 0.0333333
PosEuler -0.999317 2.56514 1.6 1.55367 -0.120957 0.0
tween 0.0333333
PosEuler -0.991242 2.53371 1.6 1.53719 -0.120957 0.0
tween 0.0333333
PosEuler -0.983011 2.50233 1.6 1.52087 -0.120957 0.0
tween 0.0333333
PosEuler -0.974653 2.47098 1.6 1.50471 -0.120957 0.0
tween 0.0333333
PosEuler -0.966137 2.43967 1.6 1.48871 -0.120957 0.0
tween 0.0333333
PosEuler -0.957491 2.40841 1.6 1.47288 -0.120957 0.0
tween 0.0333333
PosEuler -0.948686 2.37719 1.6 1.45724 -0.120957 0.0
tween 0.0333333
PosEuler -0.939746 2.34601 1.6 1.44178 -0.120957 0.0
tween 0.0333333
PosEuler -0.930647 2.31487 1.6 1.42652 -0.120957 0.0
tween 0.0333333
PosEuler -0.921403 2.28379 1.6 1.41145 -0.120957 0.0
tween 0.0333333
PosEuler -0.912002 2.25275 1.6 1.3966 -0.120957 0.0
tween 0.0333333
PosEuler -0.902443 2.22176 1.6 1.38197 -0.120957 0.0
tween 0.0333333
PosEuler -0.892728 2.19082 1.6 1.36758 -0.120957 0.0
tween 0.0333333
PosEuler -0.88284 2.15994 1.6 1.35342 -0.120957 0.0
tween 0.0333333
PosEuler -0.872798 2.12911 1.6 1.33951 -0.120957 0.0
tween 0.0333333
PosEuler -0.862563 2.09835 1.6 1.32587 -0.120957 0.0
tween 0.0333333
PosEuler -0.852167 2.06765 1.6 1.3125 -0.120957 0.0
tween 0.0333333
PosEuler -0.841575 2.03701 1.6 1.29942 -0.120957 0.0
tween 0.0333333
PosEuler -0.830801 2.00644 1.6 1.28665 -0.120957 0.0
tween 0.0333333
PosEuler -0.819829 1.97594 1.6 1.27419 -0.120957 0.0
tween 0.0333333
PosEuler -0.808653 1.94552 1.6 1.26207 -0.120957 0.0
tween 0.0333333
PosEuler -0.797272 1.91518 1.6 1.2503 -0.120957 0.0
tween 0.0333333
PosEuler -0.785662 1.88492 1.6 1.23891 -0.120957 0.0
tween 0.0333333
PosEuler -0.773839 1.85475 1.6 1.22791 -0.120957 0.0
tween 0.0333333
PosEuler -0.76176 1.82469 1.6 1.21732 -0.120957 0.0
tween 0.0333333
PosEuler -0.749452 1.79472 1.6 1.20718 -0.120957 0.0
tween 0.0333333
PosEuler -0.736863 1.76487 1.6 1.1975 -0.120957 0.0
tween 0.0333333
PosEuler -0.72402 1.73513 1.6 1.18832 -0.120957 0.0
tween 0.0333333
PosEuler -0.710872 1.70553 1.6 1.17968 -0.120957 0.0
tween 0.0333333
PosEuler -0.697434 1.67606 1.6 1.1716 -0.120957 0.0
tween 0.0333333
PosEuler -0.683669 1.64674 1.6 1.16413 -0.120957 0.0
tween 0.0333333
PosEuler -0.669563 1.6176 1.6 1.15731 -0.120957 0.0
tween 0.0333333
PosEuler -0.655112 1.58862 1.6 1.15119 -0.120957 0.0
tween 0.0333333
PosEuler -0.64025 1.55985 1.6 1.14584 -0.120957 0.0
tween 0.0333333
PosEuler -0.624996 1.53129 1.6 1.14132 -0.120957 0.0
tween 0.0333333
PosEuler -0.609306 1.50298 1.6 1.13769 -0.120957 0.0
tween 0.0333333
PosEuler -0.59312 1.47494 1.6 1.13506 -0.120957 0.0
tween 0.0333333
PosEuler -0.576436 1.44721 1.6 1.13352 -0.120957 0.0
tween 0.0333333
PosEuler -0.559206 1.41981 1.6 1.13316 -0.120957 0.0
tween 0.0333333
PosEuler -0.541382 1.3928 1.6 1.13353 -0.120957 0.0
tween 0.0333333
PosEuler -0.522884 1.36624 1.6 1.13443 -0.120957 0.0
tween 0.0333333
PosEuler -0.50367 1.34021 1.6 1.13585 -0.120957 0.0
tween 0.0333333
PosEuler -0.483671 1.31478 1.6 1.13776 -0.120957 0.0
tween 0.0333333
PosEuler -0.462809 1.29005 1.6 1.14018 -0.120957 0.0
tween 0.0333333
PosEuler -0.440997 1.26616 1.6 1.14308 -0.120957 0.0
tween 0.0333333
PosEuler -0.418118 1.2433 1.6 1.14645 -0.120957 0.0
tween 0.0333333
PosEuler -0.394694 1.221 1.6 1.15029 -0.120957 0.0
tween 0.0333333
PosEuler -0.371134 1.19884 1.6 1.15459 -0.120957 0.0
tween 0.0333333
PosEuler -0.347435 1.17683 1.6 1.15934 -0.120957 0.0
tween 0.0333333
PosEuler -0.323597 1.15498 1.6 1.16452 -0.120957 0.0
tween 0.0333333
PosEuler -0.299628 1.13328 1.6 1.17013 -0.120957 0.0
tween 0.0333333
PosEuler -0.27552 1.11174 1.6 1.17616 -0.120957 0.0
tween 0.0333333
PosEuler -0.251285 1.09035 1.6 1.18259 -0.120957 0.0
tween 0.0333333
PosEuler -0.226919 1.0691 1.6 1.18941 -0.120957 0.0
tween 0.0333333
PosEuler -0.20243 1.04801 1.6 1.19661 -0.120957 0.0
tween 0.0333333
PosEuler -0.177826 1.02705 1.6 1.20418 -0.120957 0.0
tween 0.0333333
PosEuler -0.153111 1.00623 1.6 1.21211 -0.120957 0.0
tween 0.0333333
PosEuler -0.128295 0.985534 1.6 1.22039 -0.120957 0.0
tween 0.0333333
PosEuler -0.103388 0.964954 1.6 1.229 -0.120957 0.0
tween 0.0333333
PosEuler -0.0784017 0.944472 1.6 1.23793 -0.120957 0.0
tween 0.0333333
PosEuler -0.053354 0.924074 1.6 1.24717 -0.120957 0.0
tween 0.0333333
PosEuler -0.0282597 0.903735 1.6 1.2567 -0.120957 0.0
tween 0.0333333
PosEuler -0.00314041 0.883433 1.6 1.26652 -0.120957 0.0
tween 0.0333333
PosEuler 0.0219807 0.863138 1.6 1.27661 -0.120957 0.0
tween 0.0333333
PosEuler 0.0470748 0.842816 1.6 1.28695 -0.120957 0.0
tween 0.0333333
PosEuler 0.0721138 0.822429 1.6 1.29754 -0.120957 0.0
tween 0.0333333
PosEuler 0.0970595 0.801935 1.6 1.30836 -0.120957 0.0
tween 0.0333333
PosEuler 0.121872 0.781286 1.6 1.3194 -0.120957 0.0
tween 0.0333333
PosEuler 0.146511 0.760432 1.6 1.33064 -0.120957 0.0
tween 0.0333333
PosEuler 0.170925 0.739322 1.6 1.34207 -0.120957 0.0
tween 0.0333333
PosEuler 0.195062 0.7179 1.6 1.35368 -0.120957 0.0
tween 0.0333333
PosEuler 0.218864 0.696113 1.6 1.36546 -0.120957 0.0
tween 0.0333333
PosEuler 0.242275 0.673912 1.6 1.37738 -0.120957 0.0
tween 0.0333333
PosEuler 0.265238 0.651251 1.6 1.38944 -0.120957 0.0
tween 0.0333333
PosEuler 0.287692 0.628093 1.6 1.40162 -0.120957 0.0
tween 0.0333333
PosEuler 0.309587 0.604408 1.6 1.41391 -0.120957 0.0
tween 0.0333333
PosEuler 0.330871 0.58018 1.6 1.42629 -0.120957 0.0
tween 0.0333333
PosEuler 0.351296 0.555229 1.6 1.43876 -0.120957 0.0
tween 0.0333333
PosEuler 0.37051 0.529338 1.6 1.45129 -0.120957 0.0
tween 0.0333333
PosEuler 0.388413 0.502531 1.6 1.46387 -0.120957 0.0
tween 0.0333333
PosEuler 0.404897 0.47483 1.6 1.4765 -0.120957 0.0
tween 0.0333333
PosEuler 0.419904 0.446308 1.6 1.48915 -0.120957 0.0
tween 0.0333333
PosEuler 0.433346 0.417019 1.6 1.50182 -0.120957 0.0
tween 0.0333333
PosEuler 0.445183 0.387051 1.6 1.51448 -0.120957 0.0
tween 0.0333333
PosEuler 0.455368 0.356485 1.6 1.52713 -0.120957 0.0
tween 0.0333333
PosEuler 0.463884 0.325417 1.6 1.53976 -0.120957 0.0
tween 0.0333333
PosEuler 0.470743 0.293945 1.6 1.55234 -0.120957 0.0
tween 0.0333333
PosEuler 0.475969 0.262164 1.6 1.56487 -0.120957 0.0
tween 0.0333333
PosEuler 0.479598 0.230166 1.6 1.57733 -0.120957 0.0
tween 0.0333333
PosEuler 0.48169 0.198035 1.6 1.58972 -0.120957 0.0
tween 0.0333333
PosEuler 0.482324 0.165845 1.6 1.60201 -0.120957 0.0
tween 0.0333333
PosEuler 0.48157 0.13366 1.6 1.6142 -0.120957 0.0
tween 0.0333333
PosEuler 0.479525 0.101536 1.6 1.62627 -0.120957 0.0
tween 0.0333333
PosEuler 0.476274 0.0695158 1.6 1.63821 -0.120957 0.0
tween 0.0333333
PosEuler 0.471925 0.0376293 1.6 1.65001 -0.120957 0.0
tween 0.0333333
PosEuler 0.466582 0.00589874 1.6 1.66165 -0.120957 0.0
tween 0.0333333
PosEuler 0.460338 -0.0256634 1.6 1.67313 -0.120957 0.0
tween 0.0333333
PosEuler 0.452404 -0.0568332 1.6 1.68443 -0.120957 0.0
tween 0.0333333
PosEuler 0.442147 -0.0873095 1.6 1.69554 -0.120957 0.0
tween 0.0333333
PosEuler 0.429418 -0.116835 1.6 1.70646 -0.120957 0.0
tween 0.0333333
PosEuler 0.414195 -0.145149 1.6 1.71716 -0.120957 0.0
tween 0.0333333
PosEuler 0.396628 -0.172068 1.6 1.72764 -0.120957 0.0
tween 0.0333333
PosEuler 0.376992 -0.197511 1.6 1.73788 -0.120957 0.0
tween 0.0333333
PosEuler 0.35562 -0.221514 1.6 1.74789 -0.120957 0.0
tween 0.0333333
PosEuler 0.332858 -0.244201 1.6 1.75764 -0.120957 0.0
tween 0.0333333
PosEuler 0.309012 -0.265738 1.6 1.76712 -0.120957 0.0
tween 0.0333333
PosEuler 0.284341 -0.28632 1.6 1.77634 -0.120957 0.0
tween 0.0333333
PosEuler 0.259047 -0.306124 1.6 1.78527 -0.120957 0.0
tween 0.0333333
PosEuler 0.233288 -0.325314 1.6 1.7939 -0.120957 0.0
tween 0.0333333
PosEuler 0.207185 -0.344023 1.6 1.80224 -0.120957 0.0
tween 0.0333333
PosEuler 0.180832 -0.362372 1.6 1.81026 -0.120957 0.0
tween 0.0333333
PosEuler 0.154302 -0.380456 1.6 1.81797 -0.120957 0.0
tween 0.0333333
PosEuler 0.127608 -0.398288 1.6 1.82534 -0.120957 0.0
tween 0.0333333
PosEuler 0.0996206 -0.413968 1.6 1.83238 -0.120957 0.0
tween 0.0333333
PosEuler 0.0702893 -0.426967 1.6 1.83908 -0.120957 0.0
tween 0.0333333
PosEuler 0.0401361 -0.437927 1.6 1.84542 -0.120957 0.0
tween 0.0333333
PosEuler 0.00947105 -0.447351 1.6 1.8514 -0.120957 0.0
tween 0.0333333
PosEuler -0.0215201 -0.455623 1.6 1.85702 -0.120957 0.0
tween 0.0333333
PosEuler -0.0527145 -0.463073 1.6 1.86226 -0.120957 0.0
tween 0.0333333
PosEuler -0.0840368 -0.469945 1.6 1.86712 -0.120957 0.0
tween 0.0333333
PosEuler -0.115431 -0.476452 1.6 1.87159 -0.120957 0.0
tween 0.0333333
PosEuler -0.146859 -0.482765 1.6 1.87566 -0.120957 0.0
tween 0.0333333
PosEuler -0.17829 -0.489043 1.6 1.87934 -0.120957 0.0
tween 0.0333333
PosEuler -0.209694 -0.495428 1.6 1.8826 -0.120957 0.0
tween 0.0333333
PosEuler -0.241043 -0.502049 1.6 1.88545 -0.120957 0.0
tween 0.0333333
PosEuler -0.272307 -0.509033 1.6 1.88789 -0.120957 0.0
tween 0.0333333
PosEuler -0.303451 -0.516506 1.6 1.88989 -0.120957 0.0
tween 0.0333333
PosEuler -0.334436 -0.524598 1.6 1.89147 -0.120957 0.0
tween 0.0333333
PosEuler -0.365207 -0.533442 1.6 1.89262 -0.120957 0.0
tween 0.0333333
PosEuler -0.395706 -0.543167 1.6 1.89332 -0.120957 0.0
tween 0.0333333
PosEuler -0.425854 -0.553913 1.6 1.89358 -0.120957 0.0
tween 0.0333333
PosEuler -0.455554 -0.565819 1.6 1.89339 -0.120957 0.0
tween 0.0333333
PosEuler -0.48469 -0.579031 1.6 1.89275 -0.120957 0.0
tween 0.0333333
PosEuler -0.51312 -0.593688 1.6 1.89165 -0.120957 0.0
tween 0.0333333
PosEuler -0.540657 -0.609945 1.6 1.89009 -0.120957 0.0
tween 0.0333333
PosEuler -0.567111 -0.627899 1.6 1.88796 -0.120957 0.0
tween 0.0333333
PosEuler -0.592266 -0.647616 1.6 1.88514 -0.120957 0.0
tween 0.0333333
PosEuler -0.6159 -0.669127 1.6 1.88162 -0.120957 0.0
tween 0.0333333
PosEuler -0.637784 -0.692404 1.6 1.87742 -0.120957 0.0
tween 0.0333333
PosEuler -0.657694 -0.717384 1.6 1.87252 -0.120957 0.0
tween 0.0333333
PosEuler -0.675513 -0.743886 1.6 1.86693 -0.120957 0.0
tween 0.0333333
PosEuler -0.691159 -0.771721 1.6 1.86065 -0.120957 0.0
tween 0.0333333
PosEuler -0.704619 -0.800669 1.6 1.85367 -0.120957 0.0
tween 0.0333333
PosEuler -0.716259 -0.830394 1.6 1.846 -0.120957 0.0
tween 0.0333333
PosEuler -0.726543 -0.860608 1.6 1.83763 -0.120957 0.0
tween 0.0333333
PosEuler -0.735653 -0.891189 1.6 1.82857 -0.120957 0.0
tween 0.0333333
PosEuler -0.743686 -0.922065 1.6 1.81882 -0.120957 0.0
tween 0.0333333
PosEuler -0.750791 -0.953162 1.6 1.80837 -0.120957 0.0
tween 0.0333333
PosEuler -0.757036 -0.984434 1.6 1.79724 -0.120957 0.0
tween 0.0333333
PosEuler -0.762544 -1.01584 1.6 1.78542 -0.120957 0.0
tween 0.0333333
PosEuler -0.767371 -1.04735 1.6 1.77291 -0.120957 0.0
tween 0.0333333
PosEuler -0.771576 -1.07894 1.6 1.75972 -0.120957 0.0
tween 0.0333333
PosEuler -0.775233 -1.11059 1.6 1.74585 -0.120957 0.0
tween 0.0333333
PosEuler -0.778391 -1.14229 1.6 1.7313 -0.120957 0.0
tween 0.0333333
PosEuler -0.781093 -1.17402 1.6 1.71609 -0.120957 0.0
tween 0.0333333
PosEuler -0.783378 -1.20578 1.6 1.7002 -0.120957 0.0
tween 0.0333333
PosEuler -0.785282 -1.23755 1.6 1.68366 -0.120957 0.0
tween 0.0333333
PosEuler -0.786835 -1.26934 1.6 1.66646 -0.120957 0.0
tween 0.0333333
PosEuler -0.788069 -1.30113 1.6 1.6486 -0.120957 0.0
tween 0.0333333
PosEuler -0.789007 -1.33292 1.6 1.63011 -0.120957 0.0
tween 0.0333333
PosEuler -0.789675 -1.36471 1.6 1.61097 -0.120957 0.0
tween 0.0333333
PosEuler -0.790094 -1.3965 1.6 1.5912 -0.120957 0.0
tween 0.0333333
PosEuler -0.790285 -1.42829 1.6 1.57082 -0.120957 0.0
tween 0.0333333
PosEuler -0.790265 -1.46006 1.6 1.54981 -0.120957 0.0
tween 0.0333333
PosEuler -0.790043 -1.49183 1.6 1.5282 -0.120957 0.0
tween 0.0333333
PosEuler -0.789639 -1.52358 1.6 1.506 -0.120957 0.0
tween 0.0333333
PosEuler -0.789072 -1.55532 1.6 1.4832 -0.120957 0.0
tween 0.0333333
PosEuler -0.788354 -1.58705 1.6 1.45983 -0.120957 0.0
tween 0.0333333
PosEuler -0.787495 -1.61878 1.6 1.43589 -0.120957 0.0
tween 0.0333333
PosEuler -0.7865 -1.65048 1.6 1.4114 -0.120957 0.0
tween 0.0333333
PosEuler -0.78539 -1.68217 1.6 1.38636 -0.120957 0.0
tween 0.0333333
PosEuler -0.784173 -1.71385 1.6 1.36079 -0.120957 0.0
tween 0.0333333
PosEuler -0.782856 -1.74552 1.6 1.3347 -0.120957 0.0
tween 0.0333333
PosEuler -0.781447 -1.77717 1.6 1.30811 -0.120957 0.0
tween 0.0333333
PosEuler -0.77996 -1.80881 1.6 1.28102 -0.120957 0.0
tween 0.0333333
PosEuler -0.778401 -1.84043 1.6 1.25345 -0.120957 0.0
tween 0.0333333
PosEuler -0.776773 -1.87204 1.6 1.22541 -0.120957 0.0
tween 0.0333333
PosEuler -0.775092 -1.90364 1.6 1.19692 -0.120957 0.0
tween 0.0333333
PosEuler -0.773362 -1.93523 1.6 1.16799 -0.120957 0.0
tween 0.0333333
PosEuler -0.771587 -1.9668 1.6 1.13865 -0.120957 0.0
tween 0.0333333
PosEuler -0.769779 -1.99836 1.6 1.10889 -0.120957 0.0
tween 0.0333333
PosEuler -0.767943 -2.02991 1.6 1.07875 -0.120957 0.0
tween 0.0333333
PosEuler -0.766085 -2.06144 1.6 1.04823 -0.120957 0.0
tween 0.0333333
PosEuler -0.764214 -2.09296 1.6 1.01736 -0.120957 0.0
tween 0.0333333
PosEuler -0.762334 -2.12447 1.6 0.986138 -0.120957 0.0
tween 0.0333333
PosEuler -0.760454 -2.15597 1.6 0.954595 -0.120957 0.0
tween 0.0333333
PosEuler -0.758578 -2.18746 1.6 0.922746 -0.120957 0.0
tween 0.0333333
PosEuler -0.756715 -2.21894 1.6 0.890606 -0.120957 0.0
tween 0.0333333
PosEuler -0.75487 -2.2504 1.6 0.858194 -0.120957 0.0
tween 0.0333333
PosEuler -0.75305 -2.28185 1.6 0.825526 -0.120957 0.0
tween 0.0333333
PosEuler -0.751262 -2.3133 1.6 0.792621 -0.120957 0.0
tween 0.0333333
PosEuler -0.749513 -2.34473 1.6 0.759496 -0.120957 0.0
tween 0.0333333
PosEuler -0.747808 -2.37615 1.6 0.72617 -0.120957 0.0
tween 0.0333333
PosEuler -0.746158 -2.40756 1.6 0.692659 -0.120957 0.0
tween 0.0333333
PosEuler -0.744567 -2.43896 1.6 0.658983 -0.120957 0.0
tween 0.0333333
PosEuler -0.743047 -2.47035 1.6 0.625158 -0.120957 0.0
tween 0.0333333
PosEuler -0.74186 -2.50174 1.6 0.591202 -0.120957 0.0
tween 0.0333333
PosEuler -0.741131 -2.53313 1.6 0.557135 -0.120957 0.0
tween 0.0333333
PosEuler -0.740801 -2.56451 1.6 0.522972 -0.120957 0.0
tween 0.0333333
PosEuler -0.740813 -2.59589 1.6 0.488732 -0.120957 0.0
tween 0.0333333
PosEuler -0.741118 -2.62724 1.6 0.454433 -0.120957 0.0
tween 0.0333333
PosEuler -0.741661 -2.65857 1.6 0.420091 -0.120957 0.0
tween 0.0333333
PosEuler -0.742443 -2.68988 1.6 0.385724 -0.120957 0.0
tween 0.0333333
PosEuler -0.7434 -2.72118 1.6 0.351349 -0.120957 0.0
tween 0.0333333
PosEuler -0.744516 -2.75245 1.6 0.316982 -0.120957 0.0
tween 0.0333333
PosEuler -0.745791 -2.7837 1.6 0.28264 -0.120957 0.0
tween 0.0333333
PosEuler -0.747184 -2.81492 1.6 0.248339 -0.120957 0.0
tween 0.0333333
PosEuler -0.74868 -2.84613 1.6 0.214096 -0.120957 0.0
tween 0.0333333
PosEuler -0.750268 -2.87731 1.6 0.179926 -0.120957 0.0
tween 0.0333333
PosEuler -0.751944 -2.90847 1.6 0.145844 -0.120957 0.0
tween 0.0333333
PosEuler -0.753686 -2.93961 1.6 0.111866 -0.120957 0.0
tween 0.0333333
PosEuler -0.755482 -2.97072 1.6 0.078007 -0.120957 0.0
tween 0.0333333
PosEuler -0.757323 -3.00182 1.6 0.044281 -0.120957 0.0
tween 0.0333333
PosEuler -0.759201 -3.03289 1.6 0.0107016 -0.120957 0.0
tween 0.0333333
PosEuler -0.761107 -3.06394 1.6 -0.0227162 -0.120957 0.0
tween 0.0333333
PosEuler -0.763033 -3.09496 1.6 -0.0559595 -0.120957 0.0
tween 0.0333333
PosEuler -0.76497 -3.12597 1.6 -0.0890155 -0.120957 0.0
tween 0.0333333
PosEuler -0.76691 -3.15695 1.6 -0.121871 -0.120957 0.0
tween 0.0333333
PosEuler -0.768846 -3.18792 1.6 -0.154514 -0.120957 0.0
tween 0.0333333
PosEuler -0.77077 -3.21886 1.6 -0.186931 -0.120957 0.0
tween 0.0333333
PosEuler -0.772677 -3.24978 1.6 -0.219113 -0.120957 0.0
tween 0.0333333
PosEuler -0.774559 -3.28067 1.6 -0.251047 -0.120957 0.0
tween 0.0333333
PosEuler -0.77641 -3.31154 1.6 -0.282723 -0.120957 0.0
tween 0.0333333
PosEuler -0.778221 -3.34239 1.6 -0.31413 -0.120957 0.0
tween 0.0333333
PosEuler -0.779985 -3.37322 1.6 -0.345258 -0.120957 0.0
tween 0.0333333
PosEuler -0.781695 -3.40402 1.6 -0.376098 -0.120957 0.0
tween 0.0333333
PosEuler -0.783347 -3.4348 1.6 -0.406639 -0.120957 0.0
tween 0.0333333
PosEuler -0.784932 -3.46556 1.6 -0.436874 -0.120957 0.0
tween 0.0333333
PosEuler -0.786443 -3.49629 1.6 -0.466793 -0.120957 0.0
tween 0.0333333
PosEuler -0.787874 -3.52699 1.6 -0.496389 -0.120957 0.0
tween 0.0333333
PosEuler -0.789217 -3.55767 1.6 -0.525654 -0.120957 0.0
tween 0.0333333
PosEuler -0.790463 -3.58832 1.6 -0.554579 -0.120957 0.0
tween 0.0333333
PosEuler -0.791605 -3.61894 1.6 -0.583159 -0.120957 0.0
tween 0.0333333
PosEuler -0.792634 -3.64954 1.6 -0.611386 -0.120957 0.0
tween 0.0333333
PosEuler -0.79353 -3.6801 1.6 -0.639255 -0.120957 0.0
tween 0.0333333
PosEuler -0.794293 -3.71063 1.6 -0.666757 -0.120957 0.0
tween 0.0333333
PosEuler -0.794912 -3.74112 1.6 -0.69389 -0.120957 0.0
tween 0.0333333
PosEuler -0.795377 -3.77159 1.6 -0.720646 -0.120957 0.0
tween 0.0333333
PosEuler -0.795676 -3.80201 1.6 -0.74702 -0.120957 0.0
tween 0.0333333
PosEuler -0.795799 -3.83239 1.6 -0.773009 -0.120957 0.0
tween 0.0333333
PosEuler -0.79573 -3.86273 1.6 -0.798607 -0.120957 0.0
tween 0.0333333
PosEuler -0.795436 -3.89303 1.6 -0.82381 -0.120957 0.0
tween 0.0333333
PosEuler -0.79491 -3.92328 1.6 -0.848615 -0.120957 0.0
tween 0.0333333
PosEuler -0.794143 -3.95347 1.6 -0.873017 -0.120957 0.0
tween 0.0333333
PosEuler -0.793116 -3.98361 1.6 -0.897014 -0.120957 0.0
tween 0.0333333
PosEuler -0.791809 -4.01368 1.6 -0.920602 -0.120957 0.0
tween 0.0333333
PosEuler -0.790153 -4.04368 1.6 -0.943779 -0.120957 0.0
tween 0.0333333
PosEuler -0.788157 -4.07361 1.6 -0.966542 -0.120957 0.0
tween 0.0333333
PosEuler -0.7858 -4.10345 1.6 -0.988888 -0.120957 0.0
tween 0.0333333
PosEuler -0.783021 -4.13319 1.6 -1.01082 -0.120957 0.0
tween 0.0333333
PosEuler -0.779754 -4.16281 1.6 -1.03232 -0.120957 0.0
tween 0.0333333
PosEuler -0.776013 -4.19231 1.6 -1.05341 -0.120957 0.0
tween 0.0333333
PosEuler -0.771669 -4.22165 1.6 -1.07407 -0.120957 0.0
tween 0.0333333
PosEuler -0.766698 -4.25082 1.6 -1.09431 -0.120957 0.0
tween 0.0333333
PosEuler -0.761001 -4.27977 1.6 -1.11412 -0.120957 0.0
tween 0.0333333
PosEuler -0.754487 -4.30846 1.6 -1.1335 -0.120957 0.0
tween 0.0333333
PosEuler -0.747008 -4.33682 1.6 -1.15246 -0.120957 0.0
tween 0.0333333
PosEuler -0.738495 -4.36478 1.6 -1.17099 -0.120957 0.0
tween 0.0333333
PosEuler -0.728669 -4.39221 1.6 -1.18909 -0.120957 0.0
tween 0.0333333
PosEuler -0.717358 -4.41893 1.6 -1.20676 -0.120957 0.0
tween 0.0333333
PosEuler -0.704323 -4.44471 1.6 -1.224 -0.120957 0.0
tween 0.0333333
PosEuler -0.68926 -4.46921 1.6 -1.24082 -0.120957 0.0
tween 0.0333333
PosEuler -0.671867 -4.49194 1.6 -1.25721 -0.120957 0.0
tween 0.0333333
PosEuler -0.651898 -4.51222 1.6 -1.27317 -0.120957 0.0
tween 0.0333333
PosEuler -0.629166 -4.52906 1.6 -1.2887 -0.120957 0.0
tween 0.0333333
PosEuler -0.604128 -4.5418 1.6 -1.3038 -0.120957 0.0
tween 0.0333333
PosEuler -0.577443 -4.54996 1.6 -1.31848 -0.120957 0.0
tween 0.0333333
PosEuler -0.54996 -4.55332 1.6 -1.33273 -0.120957 0.0
tween 0.0333333
PosEuler -0.522521 -4.55272 1.6 -1.34656 -0.120957 0.0
tween 0.0333333
PosEuler -0.495481 -4.54993 1.6 -1.35997 -0.120957 0.0
tween 0.0333333
PosEuler -0.468928 -4.5459 1.6 -1.37295 -0.120957 0.0
tween 0.0333333
PosEuler -0.442996 -4.54056 1.6 -1.38551 -0.120957 0.0
tween 0.0333333
PosEuler -0.417847 -4.53385 1.6 -1.39765 -0.120957 0.0
tween 0.0333333
PosEuler -0.393682 -4.52575 1.6 -1.40938 -0.120957 0.0
tween 0.0333333
PosEuler -0.370762 -4.51626 1.6 -1.42069 -0.120957 0.0
tween 0.0333333
PosEuler -0.349337 -4.50558 1.6 -1.43158 -0.120957 0.0
tween 0.0333333
PosEuler -0.329764 -4.49398 1.6 -1.44206 -0.120957 0.0
tween 0.0333333
PosEuler -0.312541 -4.48199 1.6 -1.45212 -0.120957 0.0
tween 0.0333333
PosEuler -0.298368 -4.47067 1.6 -1.46178 -0.120957 0.0
tween 0.0333333
PosEuler -0.285722 -4.45928 1.6 -1.47103 -0.120957 0.0
tween 0.0333333
PosEuler -0.273767 -4.4471 1.6 -1.47987 -0.120957 0.0
tween 0.0333333
PosEuler -0.262533 -4.43423 1.6 -1.4883 -0.120957 0.0
tween 0.0333333
PosEuler -0.252064 -4.42077 1.6 -1.49633 -0.120957 0.0
tween 0.0333333
PosEuler -0.242395 -4.4068 1.6 -1.50396 -0.120957 0.0
tween 0.0333333
PosEuler -0.23354 -4.39244 1.6 -1.5112 -0.120957 0.0
tween 0.0333333
PosEuler -0.225495 -4.37781 1.6 -1.51803 -0.120957 0.0
tween 0.0333333
PosEuler -0.218246 -4.36303 1.6 -1.52447 -0.120957 0.0
tween 0.0333333
PosEuler -0.211784 -4.34817 1.6 -1.53052 -0.120957 0.0
tween 0.0333333
PosEuler -0.206022 -4.33335 1.6 -1.53618 -0.120957 0.0
tween 0.0333333
PosEuler -0.200898 -4.31864 1.6 -1.54145 -0.120957 0.0
tween 0.0333333
PosEuler -0.196393 -4.30406 1.6 -1.54633 -0.120957 0.0
tween 0.0333333
PosEuler -0.192416 -4.28964 1.6 -1.55082 -0.120957 0.0
tween 0.0333333
PosEuler -0.188913 -4.2754 1.6 -1.55494 -0.120957 0.0
tween 0.0333333
PosEuler -0.185851 -4.26134 1.6 -1.55868 -0.120957 0.0
tween 0.0333333
PosEuler -0.183162 -4.24744 1.6 -1.56204 -0.120957 0.0
tween 0.0333333
PosEuler -0.180821 -4.23371 1.6 -1.56502 -0.120957 0.0
tween 0.0333333
PosEuler -0.178791 -4.22012 1.6 -1.56763 -0.120957 0.0
tween 0.0333333
PosEuler -0.17702 -4.20667 1.6 -1.56987 -0.120957 0.0
tween 0.0333333
PosEuler -0.175527 -4.19335 1.6 -1.57174 -0.120957 0.0
tween 0.0333333
PosEuler -0.174248 -4.18014 1.6 -1.57325 -0.120957 0.0
tween 0.0333333
PosEuler -0.173164 -4.16703 1.6 -1.57439 -0.120957 0.0
tween 0.0333333
PosEuler -0.172289 -4.15402 1.6 -1.57518 -0.120957 0.0
tween 0.0333333
PosEuler -0.171578 -4.14109 1.6 -1.5756 -0.120957 0.0
tween 0.0333333
PosEuler -0.171019 -4.12825 1.6 -1.57568 -0.120957 0.0
tween 0.0333333
PosEuler -0.170605 -4.11548 1.6 -1.57574 -0.120957 0.0
tween 0.0333333
PosEuler -0.170333 -4.10278 1.6 -1.57588 -0.120957 0.0
tween 0.0333333
PosEuler -0.170176 -4.09007 1.6 -1.57606 -0.120957 0.0
tween 0.0333333
PosEuler -0.170128 -4.0772 1.6 -1.57627 -0.120957 0.0
tween 0.0333333
PosEuler -0.17019 -4.06414 1.6 -1.57651 -0.120957 0.0
tween 0.0333333
PosEuler -0.170362 -4.05088 1.6 -1.57675 -0.120957 0.0
tween 0.0333333
PosEuler -0.17063 -4.03739 1.6 -1.57701 -0.120957 0.0
tween 0.0333333
PosEuler -0.170993 -4.02365 1.6 -1.57726 -0.120957 0.0
tween 0.0333333
PosEuler -0.171457 -4.00963 1.6 -1.57752 -0.120957 0.0
tween 0.0333333
PosEuler -0.172004 -3.9953 1.6 -1.57778 -0.120957 0.0
tween 0.0333333
PosEuler -0.172642 -3.98062 1.6 -1.57803 -0.120957 0.0
tween 0.0333333
PosEuler -0.173359 -3.96555 1.6 -1.57827 -0.120957 0.0
tween 0.0333333
PosEuler -0.174155 -3.95004 1.6 -1.57851 -0.120957 0.0
tween 0.0333333
PosEuler -0.175017 -3.93406 1.6 -1.57873 -0.120957 0.0
tween 0.0333333
PosEuler -0.175943 -3.91752 1.6 -1.57895 -0.120957 0.0
tween 0.0333333
PosEuler -0.176915 -3.90038 1.6 -1.57915 -0.120957 0.0
tween 0.0333333
PosEuler -0.177918 -3.88256 1.6 -1.57934 -0.120957 0.0
tween 0.0333333
PosEuler -0.178927 -3.86399 1.6 -1.57952 -0.120957 0.0
tween 0.0333333
PosEuler -0.179906 -3.84458 1.6 -1.57967 -0.120957 0.0
tween 0.0333333
PosEuler -0.180803 -3.82426 1.6 -1.57981 -0.120957 0.0
tween 0.0333333
PosEuler -0.181545 -3.80295 1.6 -1.57994 -0.120957 0.0
tween 0.0333333
PosEuler -0.18201 -3.78056 1.6 -1.58004 -0.120957 0.0
tween 0.0333333
PosEuler -0.182138 -3.75706 1.6 -1.58012 -0.120957 0.0
tween 0.0333333
PosEuler -0.183276 -3.73244 1.6 -1.58018 -0.120957 0.0
tween 0.0333333
PosEuler -0.185593 -3.70674 1.6 -1.58021 -0.120957 0.0
tween 0.0333333
PosEuler -0.188627 -3.67996 1.6 -1.58022 -0.120957 0.0
tween 0.0333333
PosEuler -0.192209 -3.65216 1.6 -1.5802 -0.120957 0.0
tween 0.0333333
PosEuler -0.1962 -3.62341 1.6 -1.58015 -0.120957 0.0
tween 0.0333333
PosEuler -0.200521 -3.59382 1.6 -1.58008 -0.120957 0.0
tween 0.0333333
PosEuler -0.205122 -3.56351 1.6 -1.57996 -0.120957 0.0
tween 0.0333333
PosEuler -0.209924 -3.53261 1.6 -1.57982 -0.120957 0.0
tween 0.0333333
PosEuler -0.214892 -3.50125 1.6 -1.57963 -0.120957 0.0
tween 0.0333333
PosEuler -0.219975 -3.46955 1.6 -1.57941 -0.120957 0.0
tween 0.0333333
PosEuler -0.225136 -3.43763 1.6 -1.57914 -0.120957 0.0
tween 0.0333333
PosEuler -0.230347 -3.40557 1.6 -1.57883 -0.120957 0.0
tween 0.0333333
PosEuler -0.235579 -3.37345 1.6 -1.57847 -0.120957 0.0
tween 0.0333333
PosEuler -0.24081 -3.34134 1.6 -1.57805 -0.120957 0.0
tween 0.0333333
PosEuler -0.246108 -3.30876 1.6 -1.57758 -0.120957 0.0
tween 0.0333333
PosEuler -0.251623 -3.27474 1.6 -1.57704 -0.120957 0.0
tween 0.0333333
PosEuler -0.257293 -3.23956 1.6 -1.57643 -0.120957 0.0
tween 0.0333333
PosEuler -0.26307 -3.20348 1.6 -1.57575 -0.120957 0.0
tween 0.0333333
PosEuler -0.268919 -3.16664 1.6 -1.57498 -0.120957 0.0
tween 0.0333333
PosEuler -0.274809 -3.12919 1.6 -1.57365 -0.120957 0.0
tween 0.0333333
PosEuler -0.280718 -3.0912 1.6 -1.5713 -0.120957 0.0
tween 0.0333333
PosEuler -0.286615 -3.05275 1.6 -1.56793 -0.120957 0.0
tween 0.0333333
PosEuler -0.292491 -3.01389 1.6 -1.56354 -0.120957 0.0
tween 0.0333333
PosEuler -0.298332 -2.97467 1.6 -1.55814 -0.120957 0.0
tween 0.0333333
PosEuler -0.304122 -2.93512 1.6 -1.55173 -0.120957 0.0
tween 0.0333333
PosEuler -0.30985 -2.89528 1.6 -1.54432 -0.120957 0.0
tween 0.0333333
PosEuler -0.315494 -2.85518 1.6 -1.53592 -0.120957 0.0
tween 0.0333333
PosEuler -0.321045 -2.81482 1.6 -1.52654 -0.120957 0.0
tween 0.0333333
PosEuler -0.326497 -2.77425 1.6 -1.51618 -0.120957 0.0
tween 0.0333333
PosEuler -0.33184 -2.73346 1.6 -1.50487 -0.120957 0.0
tween 0.0333333
PosEuler -0.337063 -2.69248 1.6 -1.4926 -0.120957 0.0
tween 0.0333333
PosEuler -0.342156 -2.65132 1.6 -1.4794 -0.120957 0.0
tween 0.0333333
PosEuler -0.347107 -2.60999 1.6 -1.46528 -0.120957 0.0
tween 0.0333333
PosEuler -0.351891 -2.56849 1.6 -1.45027 -0.120957 0.0
tween 0.0333333
PosEuler -0.356511 -2.52684 1.6 -1.43437 -0.120957 0.0
tween 0.0333333
PosEuler -0.360958 -2.48506 1.6 -1.4176 -0.120957 0.0
tween 0.0333333
PosEuler -0.365221 -2.44314 1.6 -1.4 -0.120957 0.0
tween 0.0333333
PosEuler -0.369288 -2.40109 1.6 -1.38158 -0.120957 0.0
tween 0.0333333
PosEuler -0.373149 -2.35892 1.6 -1.36236 -0.120957 0.0
tween 0.0333333
PosEuler -0.376787 -2.31663 1.6 -1.34238 -0.120957 0.0
tween 0.0333333
PosEuler -0.380167 -2.27424 1.6 -1.32166 -0.120957 0.0
tween 0.0333333
PosEuler -0.3833 -2.23173 1.6 -1.30023 -0.120957 0.0
tween 0.0333333
PosEuler -0.38617 -2.18914 1.6 -1.27812 -0.120957 0.0
tween 0.0333333
PosEuler -0.388763 -2.14644 1.6 -1.25536 -0.120957 0.0
tween 0.0333333
PosEuler -0.391063 -2.10366 1.6 -1.23199 -0.120957 0.0
tween 0.0333333
PosEuler -0.393054 -2.0608 1.6 -1.20804 -0.120957 0.0
tween 0.0333333
PosEuler -0.394675 -2.01785 1.6 -1.18356 -0.120957 0.0
tween 0.0333333
PosEuler -0.395941 -1.97483 1.6 -1.15857 -0.120957 0.0
tween 0.0333333
PosEuler -0.396833 -1.93175 1.6 -1.13311 -0.120957 0.0
tween 0.0333333
PosEuler -0.397331 -1.8886 1.6 -1.10724 -0.120957 0.0
tween 0.0333333
PosEuler -0.39741 -1.8454 1.6 -1.08099 -0.120957 0.0
tween 0.0333333
PosEuler -0.396972 -1.80215 1.6 -1.0544 -0.120957 0.0
tween 0.0333333
PosEuler -0.396049 -1.75886 1.6 -1.02751 -0.120957 0.0
tween 0.0333333
PosEuler -0.394614 -1.71554 1.6 -1.00038 -0.120957 0.0
tween 0.0333333
PosEuler -0.392625 -1.6722 1.6 -0.973049 -0.120957 0.0
tween 0.0333333
PosEuler -0.389946 -1.62885 1.6 -0.945563 -0.120957 0.0
tween 0.0333333
PosEuler -0.386629 -1.58551 1.6 -0.917968 -0.120957 0.0
tween 0.0333333
PosEuler -0.382631 -1.54219 1.6 -0.890315 -0.120957 0.0
tween 0.0333333
PosEuler -0.377749 -1.49892 1.6 -0.862649 -0.121291 0.0
tween 0.0333333
PosEuler -0.372054 -1.45572 1.6 -0.835021 -0.121774 0.0
tween 0.0333333
PosEuler -0.365416 -1.41262 1.6 -0.807479 -0.122399 0.0
tween 0.0333333
PosEuler -0.357693 -1.36967 1.6 -0.78007 -0.123158 0.0
tween 0.0333333
PosEuler -0.348884 -1.32691 1.6 -0.752844 -0.124046 0.0
tween 0.0333333
PosEuler -0.338717 -1.28441 1.6 -0.725849 -0.125056 0.0
tween 0.0333333
PosEuler -0.327192 -1.24224 1.6 -0.699133 -0.126183 0.0
tween 0.0333333
PosEuler -0.314061 -1.20051 1.6 -0.672742 -0.127421 0.0
tween 0.0333333
PosEuler -0.29912 -1.15937 1.6 -0.646724 -0.128766 0.0
tween 0.0333333
PosEuler -0.282258 -1.11896 1.6 -0.621124 -0.130211 0.0
tween 0.0333333
PosEuler -0.263188 -1.07951 1.6 -0.595987 -0.131755 0.0
tween 0.0333333
PosEuler -0.241541 -1.0414 1.6 -0.571358 -0.133391 0.0
tween 0.0333333
PosEuler -0.217182 -1.00494 1.6 -0.54728 -0.135116 0.0
tween 0.0333333
PosEuler -0.189868 -0.970624 1.6 -0.523794 -0.136926 0.0
tween 0.0333333
PosEuler -0.159432 -0.939028 1.6 -0.500941 -0.138818 0.0
tween 0.0333333
PosEuler -0.125988 -0.910606 1.60001 -0.47876 -0.140788 0.0
tween 0.0333333
PosEuler -0.0901422 -0.885242 1.60003 -0.457289 -0.142833 0.0
tween 0.0333333
PosEuler -0.0524578 -0.862662 1.60007 -0.436565 -0.14495 0.0
tween 0.0333333
PosEuler -0.0133739 -0.842565 1.60013 -0.416623 -0.147136 0.0
tween 0.0333333
PosEuler 0.0267775 -0.82465 1.60019 -0.397495 -0.149389 0.0
tween 0.0333333
PosEuler 0.0678033 -0.808801 1.60026 -0.379215 -0.151705 0.0
tween 0.0333333
PosEuler 0.109467 -0.794674 1.60034 -0.361811 -0.154082 0.0
tween 0.0333333
PosEuler 0.151618 -0.782034 1.60042 -0.345313 -0.156517 0.0
tween 0.0333333
PosEuler 0.194199 -0.77089 1.60051 -0.329747 -0.159009 0.0
tween 0.0333333
PosEuler 0.237071 -0.760874 1.6006 -0.315139 -0.161556 0.0
tween 0.0333333
PosEuler 0.28022 -0.752081 1.60069 -0.301513 -0.164154 0.0
tween 0.0333333
PosEuler 0.323557 -0.744223 1.60079 -0.288889 -0.166802 0.0
tween 0.0333333
PosEuler 0.367061 -0.737304 1.60089 -0.27729 -0.169497 0.0
tween 0.0333333
PosEuler 0.410701 -0.731234 1.60099 -0.266733 -0.172239 0.0
tween 0.0333333
PosEuler 0.454438 -0.725877 1.60109 -0.257236 -0.175025 0.0
tween 0.0333333
PosEuler 0.498266 -0.721259 1.60119 -0.248814 -0.177854 0.0
tween 0.0333333
PosEuler 0.542163 -0.717292 1.60129 -0.241481 -0.180723 0.0
tween 0.0333333
PosEuler 0.58611 -0.713892 1.6014 -0.234797 -0.183631 0.0
tween 0.0333333
PosEuler 0.6301 -0.711022 1.6015 -0.228307 -0.186577 0.0
tween 0.0333333
PosEuler 0.674127 -0.708721 1.6016 -0.222005 -0.189559 0.0
tween 0.0333333
PosEuler 0.718177 -0.706882 1.6017 -0.215886 -0.192575 0.0
tween 0.0333333
PosEuler 0.762244 -0.705473 1.6018 -0.209944 -0.195625 0.0
tween 0.0333333
PosEuler 0.806325 -0.70447 1.6019 -0.204173 -0.198706 0.0
tween 0.0333333
PosEuler 0.850413 -0.703853 1.602 -0.19857 -0.201818 0.0
tween 0.0333333
PosEuler 0.894507 -0.703637 1.6021 -0.193128 -0.204958 0.0
tween 0.0333333
PosEuler 0.938599 -0.703757 1.60219 -0.187844 -0.208127 0.0
tween 0.0333333
PosEuler 0.982689 -0.704195 1.60229 -0.182711 -0.211322 0.0
tween 0.0333333
PosEuler 1.02677 -0.704933 1.60238 -0.177727 -0.214542 0.0
tween 0.0333333
PosEuler 1.07085 -0.705957 1.60247 -0.172886 -0.217788 0.0
tween 0.0333333
PosEuler 1.11492 -0.707251 1.60256 -0.168185 -0.221056 0.0
tween 0.0333333
PosEuler 1.15897 -0.708807 1.60265 -0.163618 -0.224346 0.0
tween 0.0333333
PosEuler 1.20301 -0.710623 1.60273 -0.159183 -0.227657 0.0
tween 0.0333333
PosEuler 1.24704 -0.712668 1.60281 -0.154876 -0.230989 0.0
tween 0.0333333
PosEuler 1.29105 -0.714929 1.60289 -0.150692 -0.234339 0.0
tween 0.0333333
PosEuler 1.33505 -0.717397 1.60297 -0.146627 -0.237708 0.0
tween 0.0333333
PosEuler 1.37902 -0.72006 1.60305 -0.14268 -0.241094 0.0
tween 0.0333333
PosEuler 1.42299 -0.72291 1.60312 -0.138845 -0.244496 0.0
tween 0.0333333
PosEuler 1.46693 -0.725937 1.60319 -0.135119 -0.247913 0.0
tween 0.0333333
PosEuler 1.51085 -0.729131 1.60325 -0.1315 -0.251345 0.0
tween 0.0333333
PosEuler 1.55475 -0.73249 1.60332 -0.127983 -0.25479 0.0
tween 0.0333333
PosEuler 1.59864 -0.736008 1.60337 -0.124566 -0.258248 0.0
tween 0.0333333
PosEuler 1.6425 -0.739667 1.60343 -0.121246 -0.261718 0.0
tween 0.0333333
PosEuler 1.68634 -0.74346 1.60348 -0.118019 -0.265199 0.0
tween 0.0333333
PosEuler 1.73016 -0.747379 1.60353 -0.114883 -0.268691 0.0
tween 0.0333333
PosEuler 1.77396 -0.751418 1.60357 -0.111834 -0.272192 0.0
tween 0.0333333
PosEuler 1.81774 -0.755568 1.60361 -0.108871 -0.275701 0.0
tween 0.0333333
PosEuler 1.86149 -0.759824 1.60364 -0.105989 -0.279219 0.0
tween 0.0333333
PosEuler 1.90523 -0.76418 1.60367 -0.103186 -0.282745 0.0
tween 0.0333333
PosEuler 1.94894 -0.768634 1.60369 -0.100459 -0.286277 0.0
tween 0.0333333
PosEuler 1.99263 -0.773169 1.6037 -0.0978065 -0.289815 0.0
tween 0.0333333
PosEuler 2.0363 -0.777779 1.60371 -0.0952251 -0.293358 0.0
tween 0.0333333
PosEuler 2.07995 -0.782457 1.60372 -0.0927121 -0.296906 0.0
tween 0.0333333
PosEuler 2.12358 -0.787196 1.60371 -0.0902649 -0.300457 0.0
tween 0.0333333
PosEuler 2.16718 -0.79199 1.6037 -0.0878812 -0.304012 0.0
tween 0.0333333
PosEuler 2.21077 -0.796831 1.60368 -0.0855584 -0.30757 0.0
tween 0.0333333
PosEuler 2.25433 -0.801706 1.60365 -0.083294 -0.31113 0.0
tween 0.0333333
PosEuler 2.29788 -0.806607 1.60362 -0.0810857 -0.314691 0.0
tween 0.0333333
PosEuler 2.34141 -0.811524 1.60357 -0.078931 -0.318253 0.0
tween 0.0333333
PosEuler 2.38492 -0.816446 1.60351 -0.0768276 -0.321816 0.0
tween 0.0333333
PosEuler 2.42841 -0.821359 1.60344 -0.0747728 -0.325377 0.0
tween 0.0333333
PosEuler 2.47188 -0.826251 1.60335 -0.0727647 -0.328939 0.0
tween 0.0333333
PosEuler 2.51534 -0.831101 1.60325 -0.0708008 -0.332498 0.0
tween 0.0333333
PosEuler 2.55878 -0.835898 1.60314 -0.0688786 -0.336055 0.0
tween 0.0333333
PosEuler 2.60222 -0.84061 1.603 -0.0669961 -0.33961 0.0
tween 0.0333333
PosEuler 2.64564 -0.845222 1.60285 -0.0651508 -0.343162 0.0
tween 0.0333333
PosEuler 2.68905 -0.849687 1.60267 -0.0633406 -0.34671 0.0
tween 0.0333333
PosEuler 2.73246 -0.853983 1.60246 -0.0615632 -0.350253 0.0
tween 0.0333333
PosEuler 2.77587 -0.858034 1.60222 -0.0598163 -0.353792 0.0
tween 0.0333333
PosEuler 2.81929 -0.861782 1.60194 -0.0580975 -0.357325 0.0
tween 0.0333333
PosEuler 2.86271 -0.865129 1.60161 -0.0564048 -0.360853 0.0
tween 0.0333333
PosEuler 2.90614 -0.867928 1.60122 -0.0547359 -0.364374 0.0
tween 0.0333333
PosEuler 2.94959 -0.869958 1.60074 -0.0530885 -0.367889 0.0
tween 0.0333333
PosEuler 2.99304 -0.870778 1.60014 -0.0514604 -0.371396 0.0
tween 0.0333333
PosEuler 3.03638 -0.870476 1.59746 -0.0498493 -0.374895 0.0
tween 0.0333333
PosEuler 3.0792 -0.870149 1.59037 -0.048253 -0.378386 0.0
tween 0.0333333
PosEuler 3.12145 -0.869858 1.58052 -0.0466691 -0.381868 0.0
tween 0.0333333
PosEuler 3.16318 -0.869595 1.56877 -0.0450957 -0.385341 0.0
tween 0.0333333
PosEuler 3.20448 -0.869355 1.55567 -0.0435301 -0.388804 0.0
tween 0.0333333
PosEuler 3.24537 -0.869136 1.54145 -0.0419702 -0.392257 0.0
tween 0.0333333
PosEuler 3.28594 -0.868934 1.52643 -0.0404138 -0.395699 0.0
tween 0.0333333
PosEuler 3.32622 -0.868749 1.51071 -0.0388584 -0.39913 0.0
tween 0.0333333
PosEuler 3.36624 -0.868577 1.49446 -0.0373017 -0.402549 0.0
tween 0.0333333
PosEuler 3.40602 -0.86842 1.47769 -0.0357414 -0.405956 0.0
tween 0.0333333
PosEuler 3.44559 -0.868276 1.46054 -0.0341753 -0.40935 0.0
tween 0.0333333
PosEuler 3.48497 -0.868142 1.44306 -0.0326005 -0.412732 0.0
tween 0.0333333
PosEuler 3.52416 -0.868022 1.42523 -0.031015 -0.4161 0.0
tween 0.0333333
PosEuler 3.56319 -0.867913 1.40714 -0.0294163 -0.419454 0.0
tween 0.0333333
PosEuler 3.60207 -0.867814 1.38882 -0.0278016 -0.422793 0.0
tween 0.0333333
PosEuler 3.6408 -0.867726 1.37029 -0.0261688 -0.426118 0.0
tween 0.0333333
PosEuler 3.6794 -0.867648 1.35158 -0.024515 -0.429427 0.0
tween 0.0333333
PosEuler 3.71787 -0.86758 1.33269 -0.0228379 -0.43272 0.0
tween 0.0333333
PosEuler 3.75622 -0.867523 1.31366 -0.0211346 -0.435998 0.0
tween 0.0333333
PosEuler 3.79444 -0.867476 1.29448 -0.0194024 -0.439258 0.0
tween 0.0333333
PosEuler 3.83255 -0.867439 1.27518 -0.0176389 -0.442502 0.0
tween 0.0333333
PosEuler 3.87055 -0.867411 1.25576 -0.0158407 -0.445728 0.0
tween 0.0333333
PosEuler 3.90845 -0.867394 1.23626 -0.0140057 -0.448936 0.0
tween 0.0333333
PosEuler 3.94624 -0.867387 1.21666 -0.0121305 -0.452126 0.0
tween 0.0333333
PosEuler 3.98394 -0.867389 1.19698 -0.0102124 -0.455297 0.0
tween 0.0333333
PosEuler 4.02153 -0.867401 1.17723 -0.00824819 -0.458448 0.0
tween 0.0333333
PosEuler 4.05904 -0.867423 1.15742 -0.00623461 -0.461581 0.0
tween 0.0333333
PosEuler 4.09645 -0.867456 1.13755 -0.00416889 -0.464692 0.0
tween 0.0333333
PosEuler 4.13377 -0.867498 1.11763 -0.00204747 -0.467783 0.0
tween 0.0333333
PosEuler 4.171 -0.867551 1.09766 0.000132762 -0.470854 0.0
tween 0.0333333
PosEuler 4.20814 -0.867615 1.07766 0.00237543 -0.473903 0.0
tween 0.0333333
PosEuler 4.24519 -0.867688 1.05763 0.00468391 -0.476929 0.0
tween 0.0333333
PosEuler 4.28215 -0.867773 1.03757 0.00706197 -0.479934 0.0
tween 0.0333333
PosEuler 4.31903 -0.867868 1.01749 0.00951315 -0.482916 0.0
tween 0.0333333
PosEuler 4.35582 -0.867974 0.997393 0.0120416 -0.485875 0.0
tween 0.0333333
PosEuler 4.39253 -0.868092 0.977285 0.0146511 -0.488809 0.0
tween 0.0333333
PosEuler 4.42915 -0.86822 0.957173 0.0173457 -0.49172 0.0
tween 0.0333333
PosEuler 4.46568 -0.86836 0.937059 0.0201298 -0.494607 0.0
tween 0.0333333
PosEuler 4.50213 -0.868512 0.916948 0.0230078 -0.497469 0.0
tween 0.0333333
PosEuler 4.53849 -0.868675 0.896844 0.0259841 -0.500305 0.0
tween 0.0333333
PosEuler 4.57476 -0.868851 0.876752 0.0290635 -0.503115 0.0
tween 0.0333333
PosEuler 4.61095 -0.869039 0.856676 0.0322508 -0.505899 0.0
tween 0.0333333
PosEuler 4.64704 -0.869241 0.836618 0.0355512 -0.508656 0.0
tween 0.0333333
PosEuler 4.68304 -0.869456 0.816586 0.0389699 -0.511387 0.0
tween 0.0333333
PosEuler 4.71896 -0.869685 0.796582 0.0425127 -0.514089 0.0
tween 0.0333333
PosEuler 4.75478 -0.869928 0.776614 0.046185 -0.516764 0.0
tween 0.0333333
PosEuler 4.7905 -0.870184 0.756684 0.0499928 -0.51941 0.0
tween 0.0333333
PosEuler 4.82613 -0.870456 0.736797 0.0539427 -0.522027 0.0
tween 0.0333333
PosEuler 4.86167 -0.870742 0.716958 0.0580409 -0.524615 0.0
tween 0.0333333
PosEuler 4.8971 -0.871044 0.697171 0.0622943 -0.527173 0.0
tween 0.0333333
PosEuler 4.93243 -0.871361 0.677443 0.0667104 -0.5297 0.0
tween 0.0333333
PosEuler 4.96765 -0.871696 0.657777 0.0712967 -0.532197 0.0
tween 0.0333333
PosEuler 5.00277 -0.872047 0.638179 0.0760609 -0.534663 0.0
tween 0.0333333
PosEuler 5.03778 -0.872418 0.618656 0.0810114 -0.537096 0.0
tween 0.0333333
PosEuler 5.07267 -0.872807 0.599214 0.0861573 -0.539498 0.0
tween 0.0333333
PosEuler 5.10744 -0.873216 0.579858 0.0915078 -0.541867 0.0
tween 0.0333333
PosEuler 5.1421 -0.873644 0.560595 0.0970727 -0.544203 0.0
tween 0.0333333
PosEuler 5.17663 -0.874094 0.541432 0.102863 -0.546505 0.0
tween 0.0333333
PosEuler 5.21103 -0.874565 0.522377 0.108888 -0.548774 0.0
tween 0.0333333
PosEuler 5.24529 -0.875059 0.503438 0.115162 -0.551007 0.0
tween 0.0333333
PosEuler 5.27941 -0.875577 0.484621 0.122938 -0.553206 0.0
tween 0.0333333
PosEuler 5.31339 -0.876121 0.465939 0.133197 -0.555368 0.0
tween 0.0333333
PosEuler 5.34721 -0.87669 0.447399 0.145603 -0.557496 0.0
tween 0.0333333
PosEuler 5.38088 -0.877288 0.429013 0.159889 -0.559586 0.0
tween 0.0333333
PosEuler 5.41437 -0.877915 0.410791 0.175834 -0.561639 0.0
tween 0.0333333
PosEuler 5.44769 -0.878573 0.392749 0.193256 -0.563655 0.0
tween 0.0333333
PosEuler 5.48082 -0.879264 0.374899 0.212002 -0.565633 0.0
tween 0.0333333
PosEuler 5.51375 -0.87999 0.357255 0.231941 -0.567572 0.0
tween 0.0333333
PosEuler 5.54648 -0.880754 0.339836 0.252962 -0.569472 0.0
tween 0.0333333
PosEuler 5.57897 -0.881558 0.322661 0.274967 -0.571332 0.0
tween 0.0333333
PosEuler 5.61123 -0.882405 0.30575 0.297871 -0.573152 0.0
tween 0.0333333
PosEuler 5.64324 -0.883297 0.289126 0.321598 -0.574932 0.0
tween 0.0333333
PosEuler 5.67496 -0.88424 0.272819 0.346083 -0.57667 0.0
tween 0.0333333
PosEuler 5.70639 -0.885244 0.256873 0.371265 -0.578366 0.0
tween 0.0333333
PosEuler 5.7375 -0.886308 0.241312 0.397091 -0.58002 0.0
tween 0.0333333
PosEuler 5.76825 -0.887437 0.226175 0.423513 -0.581631 0.0
tween 0.0333333
PosEuler 5.7986 -0.888637 0.21151 0.450487 -0.583199 0.0
tween 0.0333333
PosEuler 5.82694 -0.889849 0.198114 0.477972 -0.584723 0.0
tween 0.0333333
PosEuler 5.85227 -0.891028 0.186468 0.505933 -0.586202 0.0
tween 0.0333333
PosEuler 5.87521 -0.89218 0.176199 0.534335 -0.587635 0.0
tween 0.0333333
PosEuler 5.89624 -0.893319 0.167065 0.563148 -0.589023 0.0
tween 0.0333333
PosEuler 5.91573 -0.894458 0.158891 0.592341 -0.590365 0.0
tween 0.0333333
PosEuler 5.93395 -0.895611 0.151548 0.621889 -0.591659 0.0
tween 0.0333333
PosEuler 5.95114 -0.89679 0.144945 0.651766 -0.592907 0.0
tween 0.0333333
PosEuler 5.96748 -0.898012 0.139022 0.681949 -0.594105 0.0
tween 0.0333333
PosEuler 5.98314 -0.899299 0.133753 0.712415 -0.595255 0.0
tween 0.0333333
PosEuler 5.99826 -0.900676 0.129147 0.743143 -0.596356 0.0
tween 0.0333333
PosEuler 6.01297 -0.902181 0.125257 0.774113 -0.597406 0.0
tween 0.0333333
PosEuler 6.02736 -0.903864 0.122206 0.805307 -0.598405 0.0
tween 0.0333333
PosEuler 6.04153 -0.905842 0.120352 0.836706 -0.599353 0.0
tween 0.0333333
PosEuler 6.05547 -0.908196 0.12 0.868293 -0.60025 0.0
tween 0.0333333
PosEuler 6.0692 -0.910624 0.12 0.900051 -0.601093 0.0
tween 0.0333333
PosEuler 6.08279 -0.913053 0.12 0.931965 -0.601882 0.0
tween 0.0333333
PosEuler 6.09631 -0.915508 0.12 0.964017 -0.602618 0.0
tween 0.0333333
PosEuler 6.1098 -0.918015 0.12 0.996195 -0.603299 0.0
tween 0.0333333
PosEuler 6.12334 -0.920596 0.12 1.02848 -0.603924 0.0
tween 0.0333333
PosEuler 6.13698 -0.923278 0.12 1.06087 -0.604493 0.0
tween 0.0333333
PosEuler 6.15076 -0.926094 0.12 1.09333 -0.605005 0.0
tween 0.0333333
PosEuler 6.16473 -0.929077 0.12 1.12586 -0.605459 0.0
tween 0.0333333
PosEuler 6.17894 -0.932263 0.12 1.15845 -0.605855 0.0
tween 0.0333333
PosEuler 6.19343 -0.935696 0.12 1.19107 -0.606191 0.0
tween 0.0333333
PosEuler 6.20824 -0.939428 0.12 1.22373 -0.606467 0.0
tween 0.0333333
PosEuler 6.22341 -0.943518 0.12 1.25639 -0.606683 0.0
tween 0.0333333
PosEuler 6.23897 -0.948042 0.12 1.28906 -0.606837 0.0
tween 0.0333333
PosEuler 6.25495 -0.953094 0.12 1.32171 -0.606928 0.0
tween 0.0333333
PosEuler 6.27138 -0.958755 0.12 1.35433 -0.606956 0.0
tween 0.0333333
PosEuler 6.28824 -0.965177 0.12 1.38691 -0.60692 0.0
tween 0.0333333
PosEuler 6.30555 -0.97248 0.12 1.41944 -0.606819 0.0
tween 0.0333333
PosEuler 6.32327 -0.980847 0.12 1.4519 -0.606652 0.0
tween 0.0333333
PosEuler 6.34134 -0.990479 0.12 1.48427 -0.606418 0.0
tween 0.0333333
PosEuler 6.35968 -1.0016 0.12 1.51654 -0.606117 0.0
tween 0.0333333
PosEuler 6.37816 -1.01442 0.12 1.54869 -0.605747 0.0
tween 0.0333333
PosEuler 6.39658 -1.02924 0.12 1.58071 -0.605307 0.0
tween 0.0333333
PosEuler 6.4149 -1.04639 0.12 1.61259 -0.604798 0.0
tween 0.0333333
PosEuler 6.43288 -1.06621 0.12 1.6443 -0.604216 0.0
tween 0.0333333
PosEuler 6.44989 -1.08846 0.12 1.67582 -0.603563 0.0
tween 0.0333333
PosEuler 6.46554 -1.11286 0.12 1.70713 -0.602836 0.0
tween 0.0333333
PosEuler 6.4796 -1.1391 0.12 1.73823 -0.602035 0.0
tween 0.0333333
PosEuler 6.49202 -1.16687 0.12 1.76907 -0.601158 0.0
tween 0.0333333
PosEuler 6.50284 -1.19588 0.12 1.79965 -0.600204 0.0
tween 0.0333333
PosEuler 6.51211 -1.22592 0.12 1.82993 -0.599174 0.0
tween 0.0333333
PosEuler 6.51999 -1.25677 0.12 1.8599 -0.598065 0.0
tween 0.0333333
PosEuler 6.52659 -1.28829 0.12 1.88951 -0.596875 0.0
tween 0.0333333
PosEuler 6.53201 -1.32036 0.12 1.91874 -0.595606 0.0
tween 0.0333333
PosEuler 6.53639 -1.35287 0.12 1.94757 -0.59428 0.0
tween 0.0333333
PosEuler 6.53982 -1.38575 0.12 1.97594 -0.592925 0.0
tween 0.0333333
PosEuler 6.54242 -1.41895 0.12 2.00383 -0.591539 0.0
tween 0.0333333
PosEuler 6.54435 -1.45241 0.12 2.03118 -0.590121 0.0
tween 0.0333333
PosEuler 6.54586 -1.48608 0.12 2.05795 -0.588671 0.0
tween 0.0333333
PosEuler 6.54691 -1.51994 0.12 2.0841 -0.587186 0.0
tween 0.0333333
PosEuler 6.54744 -1.55398 0.12 2.10954 -0.585666 0.0
tween 0.0333333
PosEuler 6.54736 -1.58819 0.12 2.13423 -0.58411 0.0
tween 0.0333333
PosEuler 6.54657 -1.62252 0.12 2.15808 -0.582517 0.0
tween 0.0333333
PosEuler 6.54496 -1.65696 0.12 2.181 -0.580887 0.0
tween 0.0333333
PosEuler 6.5424 -1.69146 0.12 2.20289 -0.579216 0.0
tween 0.0333333
PosEuler 6.53872 -1.72598 0.12 2.22425 -0.577506 0.0
tween 0.0333333
PosEuler 6.53375 -1.76044 0.12 2.24565 -0.575755 0.0
tween 0.0333333
PosEuler 6.52724 -1.79475 0.12 2.26707 -0.573961 0.0
tween 0.0333333
PosEuler 6.51896 -1.82878 0.12 2.28851 -0.572124 0.0
tween 0.0333333
PosEuler 6.50861 -1.86232 0.12 2.30996 -0.570242 0.0
tween 0.0333333
PosEuler 6.49586 -1.89512 0.12 2.33141 -0.568316 0.0
tween 0.0333333
PosEuler 6.48045 -1.92684 0.12 2.35285 -0.566342 0.0
tween 0.0333333
PosEuler 6.46209 -1.95704 0.12 2.37427 -0.564322 0.0
tween 0.0333333
PosEuler 6.44065 -1.98522 0.12 2.39567 -0.562252 0.0
tween 0.0333333
PosEuler 6.41619 -2.01092 0.12 2.41703 -0.560134 0.0
tween 0.0333333
PosEuler 6.38894 -2.03373 0.12 2.43835 -0.557965 0.0
tween 0.0333333
PosEuler 6.35931 -2.05348 0.12 2.45962 -0.555744 0.0
tween 0.0333333
PosEuler 6.32777 -2.07014 0.12 2.48083 -0.55347 0.0
tween 0.0333333
PosEuler 6.29478 -2.08385 0.12 2.50197 -0.551143 0.0
tween 0.0333333
PosEuler 6.26075 -2.09492 0.12 2.52304 -0.548761 0.0
tween 0.0333333
PosEuler 6.22598 -2.10362 0.12 2.54402 -0.546323 0.0
tween 0.0333333
PosEuler 6.19071 -2.11024 0.12 2.5649 -0.543828 0.0
tween 0.0333333
PosEuler 6.1551 -2.11507 0.11993 2.58569 -0.541276 0.0
tween 0.0333333
PosEuler 6.11938 -2.11821 0.117209 2.60636 -0.538665 0.0
tween 0.0333333
PosEuler 6.08392 -2.12005 0.111218 2.62692 -0.535993 0.0
tween 0.0333333
PosEuler 6.04879 -2.121 0.103101 2.64735 -0.533261 0.0
tween 0.0333333
PosEuler 6.01402 -2.12125 0.0934058 2.66764 -0.530467 0.0
tween 0.0333333
PosEuler 5.97954 -2.121 0.0825917 2.68778 -0.52761 0.0
tween 0.0333333
PosEuler 5.94531 -2.12032 0.0708911 2.70778 -0.524688 0.0
tween 0.0333333
PosEuler 5.91131 -2.11928 0.058477 2.72761 -0.521702 0.0
tween 0.0333333
PosEuler 5.87751 -2.11794 0.0454803 2.74727 -0.518649 0.0
tween 0.0333333
PosEuler 5.84387 -2.11635 0.032002 2.76675 -0.515529 0.0
tween 0.0333333
PosEuler 5.81039 -2.11451 0.0180894 2.78605 -0.512341 0.0
tween 0.0333333
PosEuler 5.77704 -2.11247 0.00382339 2.80515 -0.509084 0.0
tween 0.0333333
PosEuler 5.74381 -2.11025 -0.0107422 2.82405 -0.505756 0.0
tween 0.0333333
PosEuler 5.71069 -2.10784 -0.0255991 2.84273 -0.502357 0.0
tween 0.0333333
PosEuler 5.67765 -2.10529 -0.0406808 2.86119 -0.498886 0.0
tween 0.0333333
PosEuler 5.64471 -2.10257 -0.0559908 2.87943 -0.495341 0.0
tween 0.0333333
PosEuler 5.61184 -2.09973 -0.071487 2.89742 -0.491722 0.0
tween 0.0333333
PosEuler 5.57904 -2.09677 -0.0871495 2.91517 -0.488027 0.0
tween 0.0333333
PosEuler 5.54631 -2.09367 -0.102981 2.93266 -0.484256 0.0
tween 0.0333333
PosEuler 5.51363 -2.09046 -0.118947 2.94989 -0.480407 0.0
tween 0.0333333
PosEuler 5.48101 -2.08715 -0.135035 2.96684 -0.476479 0.0
tween 0.0333333
PosEuler 5.44844 -2.08373 -0.15125 2.98352 -0.472472 0.0
tween 0.0333333
PosEuler 5.41591 -2.08021 -0.167569 2.99991 -0.468384 0.0
tween 0.0333333
PosEuler 5.38343 -2.07659 -0.183983 3.01599 -0.464214 0.0
tween 0.0333333
PosEuler 5.35099 -2.07289 -0.200483 3.03178 -0.459962 0.0
tween 0.0333333
PosEuler 5.31858 -2.0691 -0.217064 3.04724 -0.455626 0.0
tween 0.0333333
PosEuler 5.28621 -2.06522 -0.233724 3.06239 -0.451204 0.0
tween 0.0333333
PosEuler 5.25387 -2.06126 -0.250453 3.0772 -0.446697 0.0
tween 0.0333333
PosEuler 5.22157 -2.05722 -0.267242 3.09167 -0.442104 0.0
tween 0.0333333
PosEuler 5.18929 -2.0531 -0.284088 3.10579 -0.437422 0.0
tween 0.0333333
PosEuler 5.15704 -2.04891 -0.300986 3.11956 -0.43265 0.0
tween 0.0333333
PosEuler 5.12481 -2.04464 -0.317931 3.13296 -0.427789 0.0
tween 0.0333333
PosEuler 5.09261 -2.0403 -0.334919 -3.1372 -0.422838 0.0
tween 0.0333333
PosEuler 5.06043 -2.0359 -0.351947 -3.12456 -0.417793 0.0
tween 0.0333333
PosEuler 5.02828 -2.03142 -0.369011 -3.11231 -0.412656 0.0
tween 0.0333333
PosEuler 4.99614 -2.02688 -0.386107 -3.10046 -0.407424 0.0
tween 0.0333333
PosEuler 4.96403 -2.02227 -0.403232 -3.08902 -0.402097 0.0
tween 0.0333333
PosEuler 4.93193 -2.0176 -0.420383 -3.078 -0.396674 0.0
tween 0.0333333
PosEuler 4.89986 -2.01286 -0.437558 -3.0674 -0.391153 0.0
tween 0.0333333
PosEuler 4.8678 -2.00806 -0.454752 -3.05723 -0.385535 0.0
tween 0.0333333
PosEuler 4.83576 -2.0032 -0.471965 -3.04751 -0.379816 0.0
tween 0.0333333
PosEuler 4.80373 -1.99828 -0.489193 -3.03824 -0.373998 0.0
tween 0.0333333
PosEuler 4.77173 -1.9933 -0.506434 -3.02942 -0.368077 0.0
tween 0.0333333
PosEuler 4.73974 -1.98826 -0.523685 -3.02108 -0.362055 0.0
tween 0.0333333
PosEuler 4.70776 -1.98316 -0.540944 -3.01321 -0.355928 0.0
tween 0.0333333
PosEuler 4.6758 -1.978 -0.55821 -3.00583 -0.349697 0.0
tween 0.0333333
PosEuler 4.64386 -1.9728 -0.57548 -2.99894 -0.343361 0.0
tween 0.0333333
PosEuler 4.61193 -1.96753 -0.592752 -2.99256 -0.336918 0.0
tween 0.0333333
PosEuler 4.58002 -1.96221 -0.610025 -2.98668 -0.330367 0.0
tween 0.0333333
PosEuler 4.54812 -1.95684 -0.627297 -2.98132 -0.323707 0.0
tween 0.0333333
PosEuler 4.51624 -1.95141 -0.644565 -2.97649 -0.316937 0.0
tween 0.0333333
PosEuler 4.48437 -1.94593 -0.661829 -2.9722 -0.310057 0.0
tween 0.0333333
PosEuler 4.45252 -1.9404 -0.679087 -2.96845 -0.303064 0.0
tween 0.0333333
PosEuler 4.42068 -1.93481 -0.696335 -2.96526 -0.295959 0.0
tween 0.0333333
PosEuler 4.38886 -1.92917 -0.713575 -2.96263 -0.28874 0.0
tween 0.0333333
PosEuler 4.35705 -1.92348 -0.730804 -2.96056 -0.281406 0.0
tween 0.0333333
PosEuler 4.32526 -1.91774 -0.74802 -2.95908 -0.273956 0.0
tween 0.0333333
PosEuler 4.29348 -1.91195 -0.765221 -2.95818 -0.266388 0.0
tween 0.0333333
PosEuler 4.26172 -1.90611 -0.782408 -2.95788 -0.258703 0.0
tween 0.0333333
PosEuler 4.22998 -1.90023 -0.799578 -2.95788 -0.258703 0.0
tween 0.0333333
PosEuler 4.19825 -1.89429 -0.816729 -2.95788 -0.258703 0.0
tween 0.0333333
PosEuler 4.16654 -1.88829 -0.833859 -2.95788 -0.258703 0.0
tween 0.0333333
PosEuler 4.13485 -1.88226 -0.850968 -2.95788 -0.258703 0.0
tween 0.0333333
PosEuler 4.10317 -1.87617 -0.868056 -2.95788 -0.258703 0.0
tween 0.0333333
PosEuler 4.07152 -1.87004 -0.88512 -2.95788 -0.258703 0.0
tween 0.0333333
PosEuler 4.03988 -1.86387 -0.902159 -2.95788 -0.258703 0.0
tween 0.0333333
PosEuler 4.00826 -1.85764 -0.919172 -2.95788 -0.258703 0.0
tween 0.0333333
PosEuler 3.97666 -1.85137 -0.936154 -2.95788 -0.258703 0.0
tween 0.0333333
PosEuler 3.94508 -1.84505 -0.953108 -2.95788 -0.258703 0.0
tween 0.0333333
PosEuler 3.91352 -1.83868 -0.970033 -2.95788 -0.258703 0.0
tween 0.0333333
PosEuler 3.88199 -1.83228 -0.986926 -2.95788 -0.258703 0.0
tween 0.0333333
PosEuler 3.85047 -1.82583 -1.00379 -2.95788 -0.258703 0.0
tween 0.0333333
PosEuler 3.81898 -1.81932 -1.02061 -2.95788 -0.258703 0.0
tween 0.0333333
PosEuler 3.78752 -1.81277 -1.0374 -2.95788 -0.258703 0.0
tween 0.0333333
PosEuler 3.75607 -1.80618 -1.05415 -2.95788 -0.258703 0.0
tween 0.0333333
PosEuler 3.72466 -1.79955 -1.07087 -2.95788 -0.258703 0.0
tween 0.0333333
PosEuler 3.69327 -1.79288 -1.08754 -2.95788 -0.258703 0.0
tween 0.0333333
PosEuler 3.66191 -1.78616 -1.10417 -2.95788 -0.258703 0.0
tween 0.0333333
PosEuler 3.63058 -1.77939 -1.12076 -2.95788 -0.258703 0.0
tween 0.0333333
PosEuler 3.59929 -1.77259 -1.13731 -2.95788 -0.258703 0.0
tween 0.0333333
PosEuler 3.56802 -1.76575 -1.15381 -2.95788 -0.258703 0.0
tween 0.0333333
PosEuler 3.53679 -1.75886 -1.17026 -2.95788 -0.258703 0.0
tween 0.0333333
PosEuler 3.50559 -1.75193 -1.18666 -2.95788 -0.258703 0.0
tween 0.0333333
PosEuler 3.47444 -1.74496 -1.20302 -2.95788 -0.258703 0.0
tween 0.0333333
PosEuler 3.44332 -1.73795 -1.21932 -2.95788 -0.258703 0.0
tween 0.0333333
PosEuler 3.41224 -1.73091 -1.23557 -2.95788 -0.258703 0.0
tween 0.0333333
PosEuler 3.3812 -1.72382 -1.25176 -2.95788 -0.258703 0.0
tween 0.0333333
PosEuler 3.35021 -1.71669 -1.2679 -2.95788 -0.258703 0.0
tween 0.0333333
PosEuler 3.31926 -1.70953 -1.28398 -2.95788 -0.258703 0.0
tween 0.0333333
PosEuler 3.28837 -1.70234 -1.3 -2.95788 -0.258703 0.0

