newpath ListenerCamera
PosEuler 2.29992 0.03543 1.6 -0.157094 2.38419e-007 0.0
tween 0.0416667
PosEuler 2.29264 0.0725719 1.6 -0.157095 2.38419e-007 0.0
tween 0.0416667
PosEuler 2.35801 0.0838012 1.6 -0.157098 2.38419e-007 0.0
tween 0.0416667
PosEuler 2.42421 0.089177 1.6 -0.157109 1.19209e-007 0.0
tween 0.0416667
PosEuler 2.49055 0.0924482 1.6 -0.157128 0.0 0.0
tween 0.0416667
PosEuler 2.55694 0.0944996 1.6 -0.15716 1.19209e-007 0.0
tween 0.0416667
PosEuler 2.62335 0.0957611 1.6 -0.157208 0.0 0.0
tween 0.0416667
PosEuler 2.68977 0.0964792 1.6 -0.157275 1.19209e-007 0.0
tween 0.0416667
PosEuler 2.75619 0.0967683 1.6 -0.157364 2.38419e-007 0.0
tween 0.0416667
PosEuler 2.82261 0.0967309 1.6 -0.157479 1.19209e-007 0.0
tween 0.0416667
PosEuler 2.88903 0.0964199 1.6 -0.157622 2.38419e-007 0.0
tween 0.0416667
PosEuler 2.95545 0.0959051 1.6 -0.157797 2.38419e-007 0.0
tween 0.0416667
PosEuler 3.02187 0.0952022 1.6 -0.158006 2.38419e-007 0.0
tween 0.0416667
PosEuler 3.08829 0.0943413 1.6 -0.158254 1.19209e-007 0.0
tween 0.0416667
PosEuler 3.1547 0.0933559 1.6 -0.158542 2.38419e-007 0.0
tween 0.0416667
PosEuler 3.22111 0.0922622 1.6 -0.158875 2.38419e-007 0.0
tween 0.0416667
PosEuler 3.28752 0.0910745 1.6 -0.159256 2.38419e-007 0.0
tween 0.0416667
PosEuler 3.35393 0.0898052 1.6 -0.159687 2.38419e-007 0.0
tween 0.0416667
PosEuler 3.42034 0.0884652 1.6 -0.160172 1.19209e-007 0.0
tween 0.0416667
PosEuler 3.48675 0.0870643 1.6 -0.160714 3.57628e-007 0.0
tween 0.0416667
PosEuler 3.55316 0.0856102 1.6 -0.161316 2.38419e-007 0.0
tween 0.0416667
PosEuler 3.61956 0.0841117 1.6 -0.161981 2.38419e-007 0.0
tween 0.0416667
PosEuler 3.68597 0.0825761 1.6 -0.162713 2.38419e-007 0.0
tween 0.0416667
PosEuler 3.75237 0.0810092 1.6 -0.163515 1.19209e-007 0.0
tween 0.0416667
PosEuler 3.81877 0.0794157 1.6 -0.164389 1.19209e-007 0.0
tween 0.0416667
PosEuler 3.88517 0.0778013 1.6 -0.16534 2.38419e-007 0.0
tween 0.0416667
PosEuler 3.95158 0.0761707 1.6 -0.166369 2.38419e-007 0.0
tween 0.0416667
PosEuler 4.01798 0.0745282 1.6 -0.167481 1.19209e-007 0.0
tween 0.0416667
PosEuler 4.08438 0.0728779 1.6 -0.168678 2.38419e-007 0.0
tween 0.0416667
PosEuler 4.15078 0.0712234 1.6 -0.169964 2.38419e-007 0.0
tween 0.0416667
PosEuler 4.21718 0.0695683 1.6 -0.171342 2.38419e-007 0.0
tween 0.0416667
PosEuler 4.28358 0.0679157 1.6 -0.172815 2.38419e-007 0.0
tween 0.0416667
PosEuler 4.34998 0.0662688 1.6 -0.174386 1.19209e-007 0.0
tween 0.0416667
PosEuler 4.41639 0.0646306 1.6 -0.176058 2.38419e-007 0.0
tween 0.0416667
PosEuler 4.48279 0.0630038 1.6 -0.177835 1.19209e-007 0.0
tween 0.0416667
PosEuler 4.54919 0.0613911 1.6 -0.17972 2.38419e-007 0.0
tween 0.0416667
PosEuler 4.61559 0.0597979 1.6 -0.181715 2.38419e-007 0.0
tween 0.0416667
PosEuler 4.682 0.0582257 1.6 -0.183824 1.19209e-007 0.0
tween 0.0416667
PosEuler 4.7484 0.0566765 1.6 -0.186051 1.19209e-007 0.0
tween 0.0416667
PosEuler 4.81481 0.0551529 1.6 -0.188397 1.19209e-007 0.0
tween 0.0416667
PosEuler 4.88121 0.0536574 1.6 -0.190867 2.38419e-007 0.0
tween 0.0416667
PosEuler 4.94762 0.0521924 1.6 -0.193464 2.38419e-007 0.0
tween 0.0416667
PosEuler 5.01402 0.0507604 1.6 -0.196191 2.38419e-007 0.0
tween 0.0416667
PosEuler 5.08043 0.049366 1.6 -0.199051 1.19209e-007 0.0
tween 0.0416667
PosEuler 5.14684 0.0480162 1.6 -0.202046 2.38419e-007 0.0
tween 0.0416667
PosEuler 5.21325 0.0467084 1.6 -0.205181 2.38419e-007 0.0
tween 0.0416667
PosEuler 5.27966 0.0454455 1.6 -0.208459 1.19209e-007 0.0
tween 0.0416667
PosEuler 5.34607 0.0442303 1.6 -0.211882 2.38419e-007 0.0
tween 0.0416667
PosEuler 5.41248 0.0430656 1.6 -0.215454 1.19209e-007 0.0
tween 0.0416667
PosEuler 5.47889 0.0419544 1.6 -0.219178 0.0 0.0
tween 0.0416667
PosEuler 5.54531 0.0409012 1.6 -0.223057 2.38419e-007 0.0
tween 0.0416667
PosEuler 5.61172 0.039919 1.6 -0.227095 2.38419e-007 0.0
tween 0.0416667
PosEuler 5.67814 0.0390017 1.6 -0.231294 1.19209e-007 0.0
tween 0.0416667
PosEuler 5.74455 0.038153 1.6 -0.235657 1.19209e-007 0.0
tween 0.0416667
PosEuler 5.81097 0.0373771 1.6 -0.240189 2.38419e-007 0.0
tween 0.0416667
PosEuler 5.87739 0.0366779 1.6 -0.244891 3.57628e-007 0.0
tween 0.0416667
PosEuler 5.94381 0.0360602 1.6 -0.249768 2.38419e-007 0.0
tween 0.0416667
PosEuler 6.01023 0.0355288 1.6 -0.254822 2.38419e-007 0.0
tween 0.0416667
PosEuler 6.07665 0.035089 1.6 -0.260056 1.19209e-007 0.0
tween 0.0416667
PosEuler 6.14307 0.0347584 1.6 -0.265474 2.38419e-007 0.0
tween 0.0416667
PosEuler 6.20949 0.0345328 1.6 -0.271571 1.19209e-007 0.0
tween 0.0416667
PosEuler 6.27591 0.0344176 1.6 -0.278812 2.38419e-007 0.0
tween 0.0416667
PosEuler 6.34234 0.0344201 1.6 -0.28715 2.38419e-007 0.0
tween 0.0416667
PosEuler 6.40876 0.0345479 1.6 -0.29654 2.38419e-007 0.0
tween 0.0416667
PosEuler 6.47518 0.0348097 1.6 -0.306937 2.38419e-007 0.0
tween 0.0416667
PosEuler 6.5416 0.0352147 1.6 -0.318294 1.19209e-007 0.0
tween 0.0416667
PosEuler 6.60802 0.0357733 1.6 -0.330568 2.38419e-007 0.0
tween 0.0416667
PosEuler 6.67444 0.036497 1.6 -0.343711 1.19209e-007 0.0
tween 0.0416667
PosEuler 6.74085 0.0373982 1.6 -0.35768 3.57628e-007 0.0
tween 0.0416667
PosEuler 6.80727 0.038491 1.6 -0.372427 2.38419e-007 0.0
tween 0.0416667
PosEuler 6.87368 0.039791 1.6 -0.387909 2.38419e-007 0.0
tween 0.0416667
PosEuler 6.94008 0.0413157 1.6 -0.404079 2.38419e-007 0.0
tween 0.0416667
PosEuler 7.00648 0.0430846 1.6 -0.420892 2.38419e-007 0.0
tween 0.0416667
PosEuler 7.07287 0.0451198 1.6 -0.438303 1.19209e-007 0.0
tween 0.0416667
PosEuler 7.13925 0.0474463 1.6 -0.456265 0.0 0.0
tween 0.0416667
PosEuler 7.20562 0.0500923 1.6 -0.474734 2.38419e-007 0.0
tween 0.0416667
PosEuler 7.27197 0.0530902 1.6 -0.493664 1.19209e-007 0.0
tween 0.0416667
PosEuler 7.33831 0.0565098 1.6 -0.51301 1.19209e-007 0.0
tween 0.0416667
PosEuler 7.40461 0.0604024 1.6 -0.532726 1.19209e-007 0.0
tween 0.0416667
PosEuler 7.47089 0.0647976 1.6 -0.552767 1.19209e-007 0.0
tween 0.0416667
PosEuler 7.53713 0.0697576 1.6 -0.573087 1.19209e-007 0.0
tween 0.0416667
PosEuler 7.6033 0.0754751 1.6 -0.593641 2.38419e-007 0.0
tween 0.0416667
PosEuler 7.6694 0.0819959 1.6 -0.614383 1.19209e-007 0.0
tween 0.0416667
PosEuler 7.7354 0.0894737 1.6 -0.635268 1.19209e-007 0.0
tween 0.0416667
PosEuler 7.80134 0.0974431 1.6 -0.656251 1.19209e-007 0.0
tween 0.0416667
PosEuler 7.86727 0.105527 1.6 -0.677285 2.38419e-007 0.0
tween 0.0416667
PosEuler 7.93319 0.113724 1.6 -0.698327 3.57628e-007 0.0
tween 0.0416667
PosEuler 7.99908 0.122066 1.6 -0.719329 2.38419e-007 0.0
tween 0.0416667
PosEuler 8.06496 0.130543 1.6 -0.740247 2.38419e-007 0.0
tween 0.0416667
PosEuler 8.13082 0.139178 1.6 -0.761035 2.38419e-007 0.0
tween 0.0416667
PosEuler 8.19665 0.147985 1.6 -0.781647 1.19209e-007 0.0
tween 0.0416667
PosEuler 8.26247 0.156964 1.6 -0.802039 3.57628e-007 0.0
tween 0.0416667
PosEuler 8.32825 0.166151 1.6 -0.822165 2.38419e-007 0.0
tween 0.0416667
PosEuler 8.394 0.175543 1.6 -0.841979 1.19209e-007 0.0
tween 0.0416667
PosEuler 8.45973 0.18515 1.6 -0.861436 1.19209e-007 0.0
tween 0.0416667
PosEuler 8.52541 0.195017 1.6 -0.880801 2.38419e-007 0.0
tween 0.0416667
PosEuler 8.59106 0.205134 1.6 -0.900365 2.38419e-007 0.0
tween 0.0416667
PosEuler 8.65667 0.215517 1.6 -0.920122 0.0 0.0
tween 0.0416667
PosEuler 8.72222 0.226208 1.6 -0.940063 2.38419e-007 0.0
tween 0.0416667
PosEuler 8.78773 0.237213 1.6 -0.960183 3.57628e-007 0.0
tween 0.0416667
PosEuler 8.85317 0.248546 1.6 -0.980475 2.38419e-007 0.0
tween 0.0416667
PosEuler 8.91856 0.260231 1.6 -1.00093 1.19209e-007 0.0
tween 0.0416667
PosEuler 8.98387 0.272317 1.6 -1.02155 2.38419e-007 0.0
tween 0.0416667
PosEuler 9.04911 0.284809 1.6 -1.04231 2.38419e-007 0.0
tween 0.0416667
PosEuler 9.11426 0.297732 1.6 -1.06322 2.38419e-007 0.0
tween 0.0416667
PosEuler 9.17932 0.311118 1.6 -1.08427 0.0 0.0
tween 0.0416667
PosEuler 9.24428 0.325 1.6 -1.10545 2.38419e-007 0.0
tween 0.0416667
PosEuler 9.30911 0.339413 1.6 -1.12676 1.19209e-007 0.0
tween 0.0416667
PosEuler 9.37382 0.354409 1.6 -1.14818 1.19209e-007 0.0
tween 0.0416667
PosEuler 9.43838 0.370017 1.6 -1.16971 3.57628e-007 0.0
tween 0.0416667
PosEuler 9.50278 0.386279 1.6 -1.19135 2.38419e-007 0.0
tween 0.0416667
PosEuler 9.567 0.403244 1.6 -1.21308 2.38419e-007 0.0
tween 0.0416667
PosEuler 9.63102 0.420965 1.6 -1.2349 2.38419e-007 0.0
tween 0.0416667
PosEuler 9.6948 0.439498 1.6 -1.25681 1.19209e-007 0.0
tween 0.0416667
PosEuler 9.75832 0.458907 1.6 -1.27879 1.19209e-007 0.0
tween 0.0416667
PosEuler 9.82154 0.479285 1.6 -1.30084 2.38419e-007 0.0
tween 0.0416667
PosEuler 9.88442 0.50069 1.6 -1.32296 1.19209e-007 0.0
tween 0.0416667
PosEuler 9.94691 0.523199 1.6 -1.34513 1.19209e-007 0.0
tween 0.0416667
PosEuler 10.009 0.546899 1.6 -1.36735 1.19209e-007 0.0
tween 0.0416667
PosEuler 10.0705 0.571912 1.6 -1.38962 2.38419e-007 0.0
tween 0.0416667
PosEuler 10.1314 0.598379 1.6 -1.41192 1.19209e-007 0.0
tween 0.0416667
PosEuler 10.1916 0.626358 1.6 -1.43424 2.38419e-007 0.0
tween 0.0416667
PosEuler 10.251 0.656073 1.6 -1.4566 1.19209e-007 0.0
tween 0.0416667
PosEuler 10.3095 0.687588 1.6 -1.47896 2.38419e-007 0.0
tween 0.0416667
PosEuler 10.3668 0.721174 1.6 -1.50134 2.38419e-007 0.0
tween 0.0416667
PosEuler 10.4228 0.756914 1.6 -1.52371 2.38419e-007 0.0
tween 0.0416667
PosEuler 10.4772 0.79502 1.6 -1.54608 1.19209e-007 0.0
tween 0.0416667
PosEuler 10.5297 0.835743 1.6 -1.56844 2.38419e-007 0.0
tween 0.0416667
PosEuler 10.5799 0.879213 1.6 -1.59079 1.19209e-007 0.0
tween 0.0416667
PosEuler 10.6274 0.925593 1.6 -1.6131 1.19209e-007 0.0
tween 0.0416667
PosEuler 10.6718 0.974999 1.6 -1.63538 2.38419e-007 0.0
tween 0.0416667
PosEuler 10.7125 1.02747 1.6 -1.65763 1.19209e-007 0.0
tween 0.0416667
PosEuler 10.7486 1.0832 1.6 -1.67983 1.19209e-007 0.0
tween 0.0416667
PosEuler 10.779 1.1422 1.6 -1.70197 1.19209e-007 0.0
tween 0.0416667
PosEuler 10.8041 1.20369 1.6 -1.72406 2.38419e-007 0.0
tween 0.0416667
PosEuler 10.8241 1.26699 1.6 -1.74608 2.38419e-007 0.0
tween 0.0416667
PosEuler 10.8397 1.33154 1.6 -1.76803 2.38419e-007 0.0
tween 0.0416667
PosEuler 10.8513 1.39694 1.6 -1.7899 1.19209e-007 0.0
tween 0.0416667
PosEuler 10.8591 1.46289 1.6 -1.81168 1.19209e-007 0.0
tween 0.0416667
PosEuler 10.8638 1.52914 1.6 -1.83336 2.38419e-007 0.0
tween 0.0416667
PosEuler 10.8655 1.59553 1.6 -1.85495 1.19209e-007 0.0
tween 0.0416667
PosEuler 10.8645 1.66195 1.6 -1.87643 1.19209e-007 0.0
tween 0.0416667
PosEuler 10.8612 1.72828 1.6 -1.8978 3.57628e-007 0.0
tween 0.0416667
PosEuler 10.8556 1.79447 1.6 -1.91905 2.38419e-007 0.0
tween 0.0416667
PosEuler 10.8481 1.86045 1.6 -1.94016 2.38419e-007 0.0
tween 0.0416667
PosEuler 10.8387 1.9262 1.6 -1.96115 1.19209e-007 0.0
tween 0.0416667
PosEuler 10.8275 1.99167 1.6 -1.98199 2.38419e-007 0.0
tween 0.0416667
PosEuler 10.8146 2.05684 1.6 -2.00269 1.19209e-007 0.0
tween 0.0416667
PosEuler 10.8003 2.1217 1.6 -2.02323 2.38419e-007 0.0
tween 0.0416667
PosEuler 10.7846 2.18622 1.6 -2.04361 0.0 0.0
tween 0.0416667
PosEuler 10.7674 2.25038 1.6 -2.06382 1.19209e-007 0.0
tween 0.0416667
PosEuler 10.7489 2.31418 1.6 -2.08386 2.38419e-007 0.0
tween 0.0416667
PosEuler 10.7292 2.3776 1.6 -2.10371 0.0 0.0
tween 0.0416667
PosEuler 10.7082 2.44063 1.6 -2.12338 2.38419e-007 0.0
tween 0.0416667
PosEuler 10.6861 2.50326 1.6 -2.14285 2.38419e-007 0.0
tween 0.0416667
PosEuler 10.6628 2.56545 1.6 -2.16212 1.19209e-007 0.0
tween 0.0416667
PosEuler 10.6383 2.6272 1.6 -2.18117 1.19209e-007 0.0
tween 0.0416667
PosEuler 10.6127 2.6885 1.6 -2.20002 1.19209e-007 0.0
tween 0.0416667
PosEuler 10.586 2.74933 1.6 -2.21864 2.38419e-007 0.0
tween 0.0416667
PosEuler 10.5583 2.80966 1.6 -2.23703 1.19209e-007 0.0
tween 0.0416667
PosEuler 10.5294 2.86946 1.6 -2.25519 1.19209e-007 0.0
tween 0.0416667
PosEuler 10.4993 2.9287 1.6 -2.2731 2.38419e-007 0.0
tween 0.0416667
PosEuler 10.4681 2.98735 1.6 -2.29076 2.38419e-007 0.0
tween 0.0416667
PosEuler 10.4358 3.04538 1.6 -2.30817 2.38419e-007 0.0
tween 0.0416667
PosEuler 10.4023 3.10274 1.6 -2.32531 1.19209e-007 0.0
tween 0.0416667
PosEuler 10.3676 3.15934 1.6 -2.34218 1.19209e-007 0.0
tween 0.0416667
PosEuler 10.3316 3.21516 1.6 -2.35878 1.19209e-007 0.0
tween 0.0416667
PosEuler 10.2942 3.2701 1.6 -2.37509 1.19209e-007 0.0
tween 0.0416667
PosEuler 10.2555 3.32405 1.6 -2.39111 2.38419e-007 0.0
tween 0.0416667
PosEuler 10.2153 3.37694 1.6 -2.40683 2.38419e-007 0.0
tween 0.0416667
PosEuler 10.1735 3.42855 1.6 -2.42225 2.38419e-007 0.0
tween 0.0416667
PosEuler 10.1301 3.47878 1.6 -2.43736 2.38419e-007 0.0
tween 0.0416667
PosEuler 10.0848 3.52738 1.6 -2.45215 2.38419e-007 0.0
tween 0.0416667
PosEuler 10.0376 3.5741 1.6 -2.46662 1.19209e-007 0.0
tween 0.0416667
PosEuler 9.98878 3.61914 1.6 -2.48075 2.38419e-007 0.0
tween 0.0416667
PosEuler 9.93843 3.66245 1.6 -2.49467 2.38419e-007 0.0
tween 0.0416667
PosEuler 9.88661 3.704 1.6 -2.5085 2.38419e-007 0.0
tween 0.0416667
PosEuler 9.8334 3.74375 1.6 -2.52222 2.38419e-007 0.0
tween 0.0416667
PosEuler 9.77886 3.78167 1.6 -2.53585 2.38419e-007 0.0
tween 0.0416667
PosEuler 9.72312 3.81778 1.6 -2.54939 2.38419e-007 0.0
tween 0.0416667
PosEuler 9.66627 3.85213 1.6 -2.56283 2.38419e-007 0.0
tween 0.0416667
PosEuler 9.60841 3.88474 1.6 -2.57617 2.38419e-007 0.0
tween 0.0416667
PosEuler 9.54961 3.91562 1.6 -2.58941 2.38419e-007 0.0
tween 0.0416667
PosEuler 9.48997 3.94486 1.6 -2.60256 1.19209e-007 0.0
tween 0.0416667
PosEuler 9.42959 3.97253 1.6 -2.61561 1.19209e-007 0.0
tween 0.0416667
PosEuler 9.36853 3.99868 1.6 -2.62857 0.0 0.0
tween 0.0416667
PosEuler 9.30688 4.02338 1.6 -2.64142 1.19209e-007 0.0
tween 0.0416667
PosEuler 9.2447 4.04675 1.6 -2.65418 2.38419e-007 0.0
tween 0.0416667
PosEuler 9.18205 4.06879 1.6 -2.66684 2.38419e-007 0.0
tween 0.0416667
PosEuler 9.11899 4.08967 1.6 -2.6794 2.38419e-007 0.0
tween 0.0416667
PosEuler 9.05556 4.10938 1.6 -2.69186 2.38419e-007 0.0
tween 0.0416667
PosEuler 8.99182 4.12806 1.6 -2.70422 2.38419e-007 0.0
tween 0.0416667
PosEuler 8.92779 4.14572 1.6 -2.71648 0.0 0.0
tween 0.0416667
PosEuler 8.86352 4.16248 1.6 -2.72864 0.0 0.0
tween 0.0416667
PosEuler 8.79903 4.1784 1.6 -2.7407 1.19209e-007 0.0
tween 0.0416667
PosEuler 8.73435 4.19351 1.6 -2.75266 2.38419e-007 0.0
tween 0.0416667
PosEuler 8.66951 4.20789 1.6 -2.76452 2.38419e-007 0.0
tween 0.0416667
PosEuler 8.60451 4.22159 1.6 -2.77627 1.19209e-007 0.0
tween 0.0416667
PosEuler 8.53939 4.23467 1.6 -2.78792 2.38419e-007 0.0
tween 0.0416667
PosEuler 8.47416 4.24718 1.6 -2.79947 2.38419e-007 0.0
tween 0.0416667
PosEuler 8.40882 4.25915 1.6 -2.81092 2.38419e-007 0.0
tween 0.0416667
PosEuler 8.3434 4.27062 1.6 -2.82225 1.19209e-007 0.0
tween 0.0416667
PosEuler 8.2779 4.28165 1.6 -2.83349 2.38419e-007 0.0
tween 0.0416667
PosEuler 8.21233 4.29227 1.6 -2.84461 1.19209e-007 0.0
tween 0.0416667
PosEuler 8.14671 4.30251 1.6 -2.85563 2.38419e-007 0.0
tween 0.0416667
PosEuler 8.08103 4.31241 1.6 -2.86655 2.38419e-007 0.0
tween 0.0416667
PosEuler 8.0153 4.322 1.6 -2.87735 0.0 0.0
tween 0.0416667
PosEuler 7.94953 4.3313 1.6 -2.88805 1.19209e-007 0.0
tween 0.0416667
PosEuler 7.88373 4.34034 1.6 -2.89863 2.38419e-007 0.0
tween 0.0416667
PosEuler 7.81789 4.34914 1.6 -2.90911 2.38419e-007 0.0
tween 0.0416667
PosEuler 7.75203 4.35774 1.6 -2.91947 1.19209e-007 0.0
tween 0.0416667
PosEuler 7.68614 4.36616 1.6 -2.92972 1.19209e-007 0.0
tween 0.0416667
PosEuler 7.62024 4.37441 1.6 -2.93986 2.38419e-007 0.0
tween 0.0416667
PosEuler 7.55431 4.3825 1.6 -2.94988 2.38419e-007 0.0
tween 0.0416667
PosEuler 7.48837 4.39046 1.6 -2.95978 1.19209e-007 0.0
tween 0.0416667
PosEuler 7.42241 4.39832 1.6 -2.96958 2.38419e-007 0.0
tween 0.0416667
PosEuler 7.35644 4.40607 1.6 -2.97925 1.19209e-007 0.0
tween 0.0416667
PosEuler 7.29045 4.41357 1.6 -2.9888 2.38419e-007 0.0
tween 0.0416667
PosEuler 7.22441 4.42071 1.6 -2.99824 2.38419e-007 0.0
tween 0.0416667
PosEuler 7.15833 4.42749 1.6 -3.00755 1.19209e-007 0.0
tween 0.0416667
PosEuler 7.09222 4.43388 1.6 -3.01674 2.38419e-007 0.0
tween 0.0416667
PosEuler 7.02608 4.43996 1.6 -3.02581 2.38419e-007 0.0
tween 0.0416667
PosEuler 6.9599 4.4457 1.6 -3.03475 2.38419e-007 0.0
tween 0.0416667
PosEuler 6.8937 4.45112 1.6 -3.04357 2.38419e-007 0.0
tween 0.0416667
PosEuler 6.82748 4.45626 1.6 -3.05226 1.19209e-007 0.0
tween 0.0416667
PosEuler 6.76123 4.46108 1.6 -3.06083 1.19209e-007 0.0
tween 0.0416667
PosEuler 6.69497 4.46564 1.6 -3.06926 2.38419e-007 0.0
tween 0.0416667
PosEuler 6.62868 4.46991 1.6 -3.07756 2.38419e-007 0.0
tween 0.0416667
PosEuler 6.56238 4.47393 1.6 -3.08573 2.38419e-007 0.0
tween 0.0416667
PosEuler 6.49607 4.47769 1.6 -3.09376 2.38419e-007 0.0
tween 0.0416667
PosEuler 6.42974 4.48123 1.6 -3.10166 2.38419e-007 0.0
tween 0.0416667
PosEuler 6.3634 4.48452 1.6 -3.10942 2.38419e-007 0.0
tween 0.0416667
PosEuler 6.29705 4.48759 1.6 -3.11704 1.19209e-007 0.0
tween 0.0416667
PosEuler 6.23069 4.49044 1.6 -3.12452 1.19209e-007 0.0
tween 0.0416667
PosEuler 6.16432 4.4931 1.6 -3.13186 1.19209e-007 0.0
tween 0.0416667
PosEuler 6.09794 4.49554 1.6 -3.13905 2.38419e-007 0.0
tween 0.0416667
PosEuler 6.03156 4.4978 1.6 3.13709 2.38419e-007 0.0
tween 0.0416667
PosEuler 5.96517 4.49986 1.6 3.13019 2.38419e-007 0.0
tween 0.0416667
PosEuler 5.89877 4.50176 1.6 3.12345 0.0 0.0
tween 0.0416667
PosEuler 5.83237 4.50348 1.6 3.11685 2.38419e-007 0.0
tween 0.0416667
PosEuler 5.76597 4.50502 1.6 3.11041 1.19209e-007 0.0
tween 0.0416667
PosEuler 5.69956 4.50643 1.6 3.10413 2.38419e-007 0.0
tween 0.0416667
PosEuler 5.63315 4.50766 1.6 3.09801 1.19209e-007 0.0
tween 0.0416667
PosEuler 5.56674 4.50875 1.6 3.09205 3.57628e-007 0.0
tween 0.0416667
PosEuler 5.50032 4.5097 1.6 3.08626 2.38419e-007 0.0
tween 0.0416667
PosEuler 5.43391 4.5105 1.6 3.08063 1.19209e-007 0.0
tween 0.0416667
PosEuler 5.36749 4.51118 1.6 3.07517 1.19209e-007 0.0
tween 0.0416667
PosEuler 5.30107 4.51174 1.6 3.06988 2.38419e-007 0.0
tween 0.0416667
PosEuler 5.23465 4.51216 1.6 3.06477 1.19209e-007 0.0
tween 0.0416667
PosEuler 5.16823 4.51247 1.6 3.05984 2.38419e-007 0.0
tween 0.0416667
PosEuler 5.1018 4.51267 1.6 3.05508 2.38419e-007 0.0
tween 0.0416667
PosEuler 5.03538 4.51275 1.6 3.05052 2.38419e-007 0.0
tween 0.0416667
PosEuler 4.96896 4.51274 1.6 3.04613 2.38419e-007 0.0
tween 0.0416667
PosEuler 4.90254 4.51262 1.6 3.04194 2.38419e-007 0.0
tween 0.0416667
PosEuler 4.83612 4.5124 1.6 3.03795 2.38419e-007 0.0
tween 0.0416667
PosEuler 4.7697 4.51209 1.6 3.03415 2.38419e-007 0.0
tween 0.0416667
PosEuler 4.70328 4.51169 1.6 3.03055 2.38419e-007 0.0
tween 0.0416667
PosEuler 4.63685 4.5112 1.6 3.02716 1.19209e-007 0.0
tween 0.0416667
PosEuler 4.57044 4.51063 1.6 3.02398 2.38419e-007 0.0
tween 0.0416667
PosEuler 4.50402 4.50998 1.6 3.02101 1.19209e-007 0.0
tween 0.0416667
PosEuler 4.4376 4.50925 1.6 3.01826 2.38419e-007 0.0
tween 0.0416667
PosEuler 4.37118 4.50846 1.6 3.01573 2.38419e-007 0.0
tween 0.0416667
PosEuler 4.30477 4.50759 1.6 3.01342 3.57628e-007 0.0
tween 0.0416667
PosEuler 4.23835 4.50665 1.6 3.01135 3.57628e-007 0.0
tween 0.0416667
PosEuler 4.17194 4.50565 1.6 3.00952 2.38419e-007 0.0
tween 0.0416667
PosEuler 4.10552 4.50458 1.6 3.00793 0.0 0.0
tween 0.0416667
PosEuler 4.03911 4.50346 1.6 3.00658 1.19209e-007 0.0
tween 0.0416667
PosEuler 3.9727 4.50229 1.6 3.00549 1.19209e-007 0.0
tween 0.0416667
PosEuler 3.90629 4.50105 1.6 3.00455 2.38419e-007 0.0
tween 0.0416667
PosEuler 3.83988 4.49977 1.6 3.00363 0.0 0.0
tween 0.0416667
PosEuler 3.77347 4.49843 1.6 3.00275 2.38419e-007 0.0
tween 0.0416667
PosEuler 3.70706 4.49705 1.6 3.00189 1.19209e-007 0.0
tween 0.0416667
PosEuler 3.64065 4.49563 1.6 3.00107 0.0 0.0
tween 0.0416667
PosEuler 3.57425 4.49416 1.6 3.00028 1.19209e-007 0.0
tween 0.0416667
PosEuler 3.50784 4.49266 1.6 2.99951 1.19209e-007 0.0
tween 0.0416667
PosEuler 3.44144 4.49111 1.6 2.99878 2.38419e-007 0.0
tween 0.0416667
PosEuler 3.37504 4.48953 1.6 2.99807 2.38419e-007 0.0
tween 0.0416667
PosEuler 3.30863 4.48791 1.6 2.99739 2.38419e-007 0.0
tween 0.0416667
PosEuler 3.24223 4.48626 1.6 2.99674 1.19209e-007 0.0
tween 0.0416667
PosEuler 3.17583 4.48459 1.6 2.99612 1.19209e-007 0.0
tween 0.0416667
PosEuler 3.10943 4.48288 1.6 2.99553 1.19209e-007 0.0
tween 0.0416667
PosEuler 3.04303 4.48115 1.6 2.99496 2.38419e-007 0.0
tween 0.0416667
PosEuler 2.97664 4.47939 1.6 2.99442 2.38419e-007 0.0
tween 0.0416667
PosEuler 2.91024 4.47761 1.6 2.99391 2.38419e-007 0.0
tween 0.0416667
PosEuler 2.84384 4.4758 1.6 2.99342 2.38419e-007 0.0
tween 0.0416667
PosEuler 2.77744 4.47398 1.6 2.99296 2.38419e-007 0.0
tween 0.0416667
PosEuler 2.71105 4.47214 1.6 2.99252 2.38419e-007 0.0
tween 0.0416667
PosEuler 2.64465 4.47028 1.6 2.99211 2.38419e-007 0.0
tween 0.0416667
PosEuler 2.57825 4.4684 1.6 2.99173 0.0 0.0
tween 0.0416667
PosEuler 2.51186 4.46651 1.6 2.99136 0.0 0.0
tween 0.0416667
PosEuler 2.44546 4.46461 1.6 2.99103 1.19209e-007 0.0
tween 0.0416667
PosEuler 2.37907 4.4627 1.6 2.99071 2.38419e-007 0.0
tween 0.0416667
PosEuler 2.31267 4.46077 1.6 2.99042 0.0 0.0
tween 0.0416667
PosEuler 2.24628 4.45884 1.6 2.99015 2.38419e-007 0.0
tween 0.0416667
PosEuler 2.17989 4.45681 1.6 2.98991 1.19209e-007 0.0
tween 0.0416667
PosEuler 2.1135 4.45463 1.6 2.98968 0.0 0.0
tween 0.0416667
PosEuler 2.04712 4.45229 1.6 2.98948 0.0 0.0
tween 0.0416667
PosEuler 1.98075 4.44982 1.6 2.9893 0.0 0.0
tween 0.0416667
PosEuler 1.91438 4.44721 1.6 2.98915 0.0 0.0
tween 0.0416667
PosEuler 1.84801 4.44447 1.6 2.98901 1.19209e-007 0.0
tween 0.0416667
PosEuler 1.78165 4.44162 1.6 2.98889 2.38419e-007 0.0
tween 0.0416667
PosEuler 1.71529 4.43865 1.6 2.9888 0.0 0.0
tween 0.0416667
PosEuler 1.64894 4.43558 1.6 2.98872 1.19209e-007 0.0
tween 0.0416667
PosEuler 1.5826 4.43239 1.6 2.98867 0.0 0.0
tween 0.0416667
PosEuler 1.51626 4.42911 1.6 2.98863 0.0 0.0
tween 0.0416667
PosEuler 1.44992 4.42574 1.6 2.98861 0.0 0.0
tween 0.0416667
PosEuler 1.38359 4.42229 1.6 2.98861 0.0 0.0
tween 0.0416667
PosEuler 1.31726 4.41875 1.6 2.98863 0.0 0.0
tween 0.0416667
PosEuler 1.25094 4.41513 1.6 2.98866 0.0 0.0
tween 0.0416667
PosEuler 1.18462 4.41144 1.6 2.98872 0.0 0.0
tween 0.0416667
PosEuler 1.1183 4.40768 1.6 2.98879 1.19209e-007 0.0
tween 0.0416667
PosEuler 1.05199 4.40385 1.6 2.98888 0.0 0.0
tween 0.0416667
PosEuler 0.985682 4.39996 1.6 2.98898 0.0 0.0
tween 0.0416667
PosEuler 0.919376 4.39601 1.6 2.9891 0.0 0.0
tween 0.0416667
PosEuler 0.853076 4.392 1.6 2.98924 1.19209e-007 0.0
tween 0.0416667
PosEuler 0.786781 4.38793 1.6 2.98939 0.0 0.0
tween 0.0416667
PosEuler 0.720485 4.38381 1.6 2.98956 1.19209e-007 0.0
tween 0.0416667
PosEuler 0.654194 4.37964 1.6 2.98974 1.19209e-007 0.0
tween 0.0416667
PosEuler 0.587907 4.37543 1.6 2.98993 0.0 0.0
tween 0.0416667
PosEuler 0.521621 4.37117 1.6 2.99014 1.19209e-007 0.0
tween 0.0416667
PosEuler 0.455337 4.36687 1.6 2.99037 0.0 0.0
tween 0.0416667
PosEuler 0.389059 4.36253 1.6 2.9906 2.38419e-007 0.0
tween 0.0416667
PosEuler 0.322782 4.35815 1.6 2.99085 2.38419e-007 0.0
tween 0.0416667
PosEuler 0.256506 4.35373 1.6 2.99112 1.19209e-007 0.0
tween 0.0416667
PosEuler 0.190233 4.34928 1.6 2.99139 1.19209e-007 0.0
tween 0.0416667
PosEuler 0.12396 4.3448 1.6 2.99168 0.0 0.0
tween 0.0416667
PosEuler 0.0576939 4.3403 1.6 2.99198 1.19209e-007 0.0
tween 0.0416667
PosEuler -0.00857481 4.33577 1.6 2.99229 0.0 0.0
tween 0.0416667
PosEuler -0.0748396 4.3312 1.6 2.99261 0.0 0.0
tween 0.0416667
PosEuler -0.141101 4.32661 1.6 2.99294 0.0 0.0
tween 0.0416667
PosEuler -0.207362 4.32201 1.6 2.99328 1.19209e-007 0.0
tween 0.0416667
PosEuler -0.273625 4.31738 1.6 2.99364 0.0 0.0
tween 0.0416667
PosEuler -0.339886 4.31273 1.6 2.994 0.0 0.0
tween 0.0416667
PosEuler -0.406142 4.30807 1.6 2.99437 1.19209e-007 0.0
tween 0.0416667
PosEuler -0.4724 4.30339 1.6 2.99475 2.38419e-007 0.0
tween 0.0416667
PosEuler -0.538654 4.2987 1.6 2.99514 0.0 0.0
tween 0.0416667
PosEuler -0.604911 4.29399 1.6 2.99553 1.19209e-007 0.0
tween 0.0416667
PosEuler -0.671163 4.28928 1.6 2.99594 0.0 0.0
tween 0.0416667
PosEuler -0.737419 4.28455 1.6 2.99635 0.0 0.0
tween 0.0416667
PosEuler -0.803671 4.27982 1.6 2.99677 -1.19209e-007 0.0
tween 0.0416667
PosEuler -0.869924 4.27508 1.6 2.99719 0.0 0.0
tween 0.0416667
PosEuler -0.936178 4.27034 1.6 2.99763 0.0 0.0
tween 0.0416667
PosEuler -1.00243 4.26559 1.6 2.99807 0.0 0.0
tween 0.0416667
PosEuler -1.06868 4.26084 1.6 2.99851 0.0 0.0
tween 0.0416667
PosEuler -1.13493 4.25609 1.6 2.99896 0.0 0.0
tween 0.0416667
PosEuler -1.20119 4.25135 1.6 2.99942 1.19209e-007 0.0
tween 0.0416667
PosEuler -1.26744 4.2466 1.6 2.99988 0.0 0.0
tween 0.0416667
PosEuler -1.33369 4.24186 1.6 3.00034 0.0 0.0
tween 0.0416667
PosEuler -1.39994 4.23712 1.6 3.00081 0.0 0.0
tween 0.0416667
PosEuler -1.46619 4.23239 1.6 3.00128 1.19209e-007 0.0
tween 0.0416667
PosEuler -1.53245 4.22767 1.6 3.00176 1.19209e-007 0.0
tween 0.0416667
PosEuler -1.59871 4.22296 1.6 3.00223 2.38419e-007 0.0
tween 0.0416667
PosEuler -1.66496 4.21826 1.6 3.00272 1.19209e-007 0.0
tween 0.0416667
PosEuler -1.73122 4.21357 1.6 3.0032 1.19209e-007 0.0
tween 0.0416667
PosEuler -1.79748 4.2089 1.6 3.00369 1.19209e-007 0.0
tween 0.0416667
PosEuler -1.86373 4.20424 1.6 3.00417 1.19209e-007 0.0
tween 0.0416667
PosEuler -1.92999 4.1996 1.6 3.00466 0.0 0.0
tween 0.0416667
PosEuler -1.99625 4.19498 1.6 3.00515 2.38419e-007 0.0
tween 0.0416667
PosEuler -2.06252 4.19037 1.6 3.00564 0.0 0.0
tween 0.0416667
PosEuler -2.12878 4.18579 1.6 3.00613 0.0 0.0
tween 0.0416667
PosEuler -2.19504 4.18123 1.6 3.00662 0.0 0.0
tween 0.0416667
PosEuler -2.26131 4.1767 1.6 3.00711 0.0 0.0
tween 0.0416667
PosEuler -2.32758 4.1722 1.6 3.0076 1.19209e-007 0.0
tween 0.0416667
PosEuler -2.39385 4.16772 1.6 3.00809 0.0 0.0
tween 0.0416667
PosEuler -2.46012 4.16327 1.6 3.00858 0.0 0.0
tween 0.0416667
PosEuler -2.5264 4.15885 1.6 3.00906 0.0 0.0
tween 0.0416667
PosEuler -2.59268 4.15447 1.6 3.00955 2.38419e-007 0.0
tween 0.0416667
PosEuler -2.65896 4.15012 1.6 3.01003 0.0 0.0
tween 0.0416667
PosEuler -2.72524 4.14581 1.6 3.01051 0.0 0.0
tween 0.0416667
PosEuler -2.79152 4.14153 1.6 3.01098 0.0 0.0
tween 0.0416667
PosEuler -2.85781 4.1373 1.6 3.01145 2.38419e-007 0.0
tween 0.0416667
PosEuler -2.9241 4.13311 1.6 3.01192 1.19209e-007 0.0
tween 0.0416667
PosEuler -2.99039 4.12897 1.6 3.01238 1.19209e-007 0.0
tween 0.0416667
PosEuler -3.05669 4.12487 1.6 3.01284 1.19209e-007 0.0
tween 0.0416667
PosEuler -3.12299 4.12083 1.6 3.0133 1.19209e-007 0.0
tween 0.0416667
PosEuler -3.18929 4.11683 1.6 3.01375 1.19209e-007 0.0
tween 0.0416667
PosEuler -3.25559 4.11288 1.6 3.01419 0.0 0.0
tween 0.0416667
PosEuler -3.3219 4.10899 1.6 3.01463 1.19209e-007 0.0
tween 0.0416667
PosEuler -3.38821 4.10517 1.6 3.01506 0.0 0.0
tween 0.0416667
PosEuler -3.45453 4.10141 1.6 3.01548 0.0 0.0
tween 0.0416667
PosEuler -3.52085 4.09771 1.6 3.0159 1.19209e-007 0.0
tween 0.0416667
PosEuler -3.58717 4.09408 1.6 3.01631 1.19209e-007 0.0
tween 0.0416667
PosEuler -3.65349 4.09052 1.6 3.01671 0.0 0.0
tween 0.0416667
PosEuler -3.71983 4.08703 1.6 3.01711 0.0 0.0
tween 0.0416667
PosEuler -3.78616 4.08361 1.6 3.0175 0.0 0.0
tween 0.0416667
PosEuler -3.8525 4.08028 1.6 3.01787 2.38419e-007 0.0
tween 0.0416667
PosEuler -3.91884 4.07703 1.6 3.01824 0.0 0.0
tween 0.0416667
PosEuler -3.98519 4.07388 1.6 3.0186 1.19209e-007 0.0
tween 0.0416667
PosEuler -4.05154 4.07081 1.6 3.01895 1.19209e-007 0.0
tween 0.0416667
PosEuler -4.11789 4.06784 1.6 3.01929 1.19209e-007 0.0
tween 0.0416667
PosEuler -4.18425 4.06497 1.6 3.01962 2.38419e-007 0.0
tween 0.0416667
PosEuler -4.25062 4.0622 1.6 3.01994 2.38419e-007 0.0
tween 0.0416667
PosEuler -4.31699 4.05955 1.6 3.02025 1.19209e-007 0.0
tween 0.0416667
PosEuler -4.38336 4.057 1.6 3.02055 1.19209e-007 0.0
tween 0.0416667
PosEuler -4.44974 4.05458 1.6 3.02083 0.0 0.0
tween 0.0416667
PosEuler -4.51612 4.05229 1.6 3.0211 2.38419e-007 0.0
tween 0.0416667
PosEuler -4.58251 4.05013 1.6 3.02136 2.38419e-007 0.0
tween 0.0416667
PosEuler -4.6489 4.04811 1.6 3.02161 0.0 0.0
tween 0.0416667
PosEuler -4.71529 4.04624 1.6 3.02185 1.19209e-007 0.0
tween 0.0416667
PosEuler -4.78169 4.04452 1.6 3.02207 0.0 0.0
tween 0.0416667
PosEuler -4.8481 4.04297 1.6 3.02227 1.19209e-007 0.0
tween 0.0416667
PosEuler -4.91451 4.04159 1.6 3.02247 1.19209e-007 0.0
tween 0.0416667
PosEuler -4.98092 4.0404 1.6 3.02265 1.19209e-007 0.0
tween 0.0416667
PosEuler -5.04733 4.0394 1.6 3.02281 0.0 0.0
tween 0.0416667
PosEuler -5.11375 4.03861 1.6 3.02296 0.0 0.0
tween 0.0416667
PosEuler -5.18017 4.03804 1.6 3.02309 1.19209e-007 0.0
tween 0.0416667
PosEuler -5.24659 4.0377 1.6 3.02321 2.38419e-007 0.0
tween 0.0416667
PosEuler -5.31301 4.03758 1.6 3.02331 1.19209e-007 0.0
tween 0.0416667
PosEuler -5.37943 4.03764 1.6 3.02339 2.38419e-007 0.0
tween 0.0416667
PosEuler -5.44585 4.03786 1.6 3.02346 1.19209e-007 0.0
tween 0.0416667
PosEuler -5.51228 4.03823 1.6 3.02351 1.19209e-007 0.0
tween 0.0416667
PosEuler -5.57869 4.03875 1.6 3.02354 0.0 0.0
tween 0.0416667
PosEuler -5.64511 4.03944 1.6 3.02356 0.0 0.0
tween 0.0416667
PosEuler -5.71153 4.0403 1.6 3.02356 0.0 0.0
tween 0.0416667
PosEuler -5.77794 4.04131 1.6 3.02353 1.19209e-007 0.0
tween 0.0416667
PosEuler -5.84435 4.04247 1.6 3.02349 -1.19209e-007 0.0
tween 0.0416667
PosEuler -5.91076 4.0438 1.6 3.02343 1.19209e-007 0.0
tween 0.0416667
PosEuler -5.97717 4.04529 1.6 3.02335 1.19209e-007 0.0
tween 0.0416667
PosEuler -6.04357 4.04694 1.6 3.02325 0.0 0.0
tween 0.0416667
PosEuler -6.10997 4.04877 1.6 3.02313 1.19209e-007 0.0
tween 0.0416667
PosEuler -6.17636 4.05077 1.6 3.02299 1.19209e-007 0.0
tween 0.0416667
PosEuler -6.24275 4.05292 1.6 3.02283 0.0 0.0
tween 0.0416667
PosEuler -6.30913 4.05524 1.6 3.02264 1.19209e-007 0.0
tween 0.0416667
PosEuler -6.3755 4.05773 1.6 3.02244 0.0 0.0
tween 0.0416667
PosEuler -6.44187 4.0604 1.6 3.02221 0.0 0.0
tween 0.0416667
PosEuler -6.50823 4.06324 1.6 3.02196 0.0 0.0
tween 0.0416667
PosEuler -6.57459 4.06625 1.6 3.02169 1.19209e-007 0.0
tween 0.0416667
PosEuler -6.64093 4.06942 1.6 3.02139 0.0 0.0
tween 0.0416667
PosEuler -6.70727 4.07279 1.6 3.02107 0.0 0.0
tween 0.0416667
PosEuler -6.7736 4.07632 1.6 3.02073 0.0 0.0
tween 0.0416667
PosEuler -6.83991 4.08002 1.6 3.02037 1.19209e-007 0.0
tween 0.0416667
PosEuler -6.90622 4.08391 1.6 3.01997 2.38419e-007 0.0
tween 0.0416667
PosEuler -6.97252 4.08799 1.6 3.01956 2.38419e-007 0.0
tween 0.0416667
PosEuler -7.03881 4.09223 1.6 3.01912 0.0 0.0
tween 0.0416667
PosEuler -7.10508 4.09665 1.6 3.01865 1.19209e-007 0.0
tween 0.0416667
PosEuler -7.17134 4.10127 1.6 3.01816 0.0 0.0
tween 0.0416667
PosEuler -7.23759 4.10605 1.6 3.01764 0.0 0.0
tween 0.0416667
PosEuler -7.30383 4.11103 1.6 3.01709 0.0 0.0
tween 0.0416667
PosEuler -7.37005 4.11619 1.6 3.01652 1.19209e-007 0.0
tween 0.0416667
PosEuler -7.43626 4.12153 1.6 3.01592 1.19209e-007 0.0
tween 0.0416667
PosEuler -7.50245 4.12707 1.6 3.01529 1.19209e-007 0.0
tween 0.0416667
PosEuler -7.56862 4.13278 1.6 3.01464 0.0 0.0
tween 0.0416667
PosEuler -7.63478 4.13869 1.6 3.01396 0.0 0.0
tween 0.0416667
PosEuler -7.70092 4.14479 1.6 3.01324 1.19209e-007 0.0
tween 0.0416667
PosEuler -7.76705 4.15107 1.6 3.0125 1.19209e-007 0.0
tween 0.0416667
PosEuler -7.83315 4.15755 1.6 3.01173 1.19209e-007 0.0
tween 0.0416667
PosEuler -7.89924 4.16421 1.6 3.01093 0.0 0.0
tween 0.0416667
PosEuler -7.96531 4.17108 1.6 3.0101 0.0 0.0
tween 0.0416667
PosEuler -8.03135 4.17813 1.6 3.00924 1.19209e-007 0.0
tween 0.0416667
PosEuler -8.09738 4.18538 1.6 3.00835 0.0 0.0
tween 0.0416667
PosEuler -8.16338 4.19281 1.6 3.00743 1.19209e-007 0.0
tween 0.0416667
PosEuler -8.22936 4.20045 1.6 3.00648 1.19209e-007 0.0
tween 0.0416667
PosEuler -8.29532 4.20827 1.6 3.00549 0.0 0.0
tween 0.0416667
PosEuler -8.36126 4.21631 1.6 3.0035 0.0 0.0
tween 0.0416667
PosEuler -8.42717 4.22452 1.6 2.99955 0.0 0.0
tween 0.0416667
PosEuler -8.49306 4.23294 1.6 2.99372 1.19209e-007 0.0
tween 0.0416667
PosEuler -8.55892 4.24155 1.6 2.98605 0.0 0.0
tween 0.0416667
PosEuler -8.62475 4.25036 1.6 2.9766 1.19209e-007 0.0
tween 0.0416667
PosEuler -8.69056 4.25937 1.6 2.96544 0.0 0.0
tween 0.0416667
PosEuler -8.75634 4.26856 1.6 2.95262 1.19209e-007 0.0
tween 0.0416667
PosEuler -8.8221 4.27796 1.6 2.93819 0.0 0.0
tween 0.0416667
PosEuler -8.88782 4.28755 1.6 2.92223 1.19209e-007 0.0
tween 0.0416667
PosEuler -8.95352 4.29734 1.6 2.90478 1.19209e-007 0.0
tween 0.0416667
PosEuler -9.01919 4.30731 1.6 2.88591 0.0 0.0
tween 0.0416667
PosEuler -9.08483 4.31748 1.6 2.86567 -1.19209e-007 0.0
tween 0.0416667
PosEuler -9.15044 4.32785 1.6 2.84412 0.0 0.0
tween 0.0416667
PosEuler -9.21601 4.3384 1.6 2.82132 0.0 0.0
tween 0.0416667
PosEuler -9.28156 4.34914 1.6 2.79733 2.38419e-007 0.0
tween 0.0416667
PosEuler -9.34708 4.36007 1.6 2.7722 1.19209e-007 0.0
tween 0.0416667
PosEuler -9.41257 4.37119 1.6 2.74599 1.19209e-007 0.0
tween 0.0416667
PosEuler -9.47802 4.38249 1.6 2.71877 1.19209e-007 0.0
tween 0.0416667
PosEuler -9.54344 4.39397 1.6 2.69059 1.19209e-007 0.0
tween 0.0416667
PosEuler -9.60883 4.40562 1.6 2.6615 1.19209e-007 0.0
tween 0.0416667
PosEuler -9.67419 4.41745 1.6 2.63157 0.0 0.0
tween 0.0416667
PosEuler -9.73952 4.42945 1.6 2.60086 0.0 0.0
tween 0.0416667
PosEuler -9.80482 4.44161 1.6 2.56942 1.19209e-007 0.0
tween 0.0416667
PosEuler -9.87035 4.4524 1.6 2.53731 1.19209e-007 0.0
tween 0.0416667
PosEuler -9.9364 4.4593 1.6 2.50459 2.38419e-007 0.0
tween 0.0416667
PosEuler -10.0028 4.462 1.6 2.47132 0.0 0.0
tween 0.0416667
PosEuler -10.0691 4.46025 1.6 2.43755 1.19209e-007 0.0
tween 0.0416667
PosEuler -10.1353 4.45417 1.6 2.40335 1.19209e-007 0.0
tween 0.0416667
PosEuler -10.2009 4.44384 1.6 2.36876 0.000105381 0.0
tween 0.0416667
PosEuler -10.2657 4.42934 1.6 2.33386 0.000418782 0.0
tween 0.0416667
PosEuler -10.3294 4.41074 1.6 2.2987 0.000935674 0.0
tween 0.0416667
PosEuler -10.3919 4.38831 1.6 2.26333 0.001652 0.0
tween 0.0416667
PosEuler -10.4531 4.36235 1.6 2.22782 0.00256264 0.0
tween 0.0416667
PosEuler -10.5127 4.33312 1.6 2.19223 0.00366355 0.0
tween 0.0416667
PosEuler -10.5707 4.30083 1.6 2.1566 0.00494995 0.0
tween 0.0416667
PosEuler -10.6271 4.26574 1.6 2.12101 0.00641827 0.0
tween 0.0416667
PosEuler -10.6819 4.22816 1.6 2.08551 0.00806293 0.0
tween 0.0416667
PosEuler -10.735 4.18832 1.6 2.05015 0.00988082 0.0
tween 0.0416667
PosEuler -10.7866 4.14643 1.6 2.01501 0.0118665 0.0
tween 0.0416667
PosEuler -10.8365 4.10269 1.6 1.98013 0.0140157 0.0
tween 0.0416667
PosEuler -10.885 4.05727 1.6 1.94558 0.0163244 0.0
tween 0.0416667
PosEuler -10.932 4.01033 1.6 1.91141 0.0187877 0.0
tween 0.0416667
PosEuler -10.9776 3.96202 1.6 1.87768 0.0214016 0.0
tween 0.0416667
PosEuler -11.0218 3.91246 1.6 1.84446 0.0241612 0.0
tween 0.0416667
PosEuler -11.0647 3.86177 1.6 1.8118 0.0270623 0.0
tween 0.0416667
PosEuler -11.1064 3.81004 1.6 1.77976 0.0301005 0.0
tween 0.0416667
PosEuler -11.1468 3.75737 1.6 1.7484 0.0332713 0.0
tween 0.0416667
PosEuler -11.1862 3.70383 1.6 1.71778 0.0365702 0.0
tween 0.0416667
PosEuler -11.2244 3.6495 1.6 1.68795 0.0399926 0.0
tween 0.0416667
PosEuler -11.2615 3.59444 1.6 1.65898 0.0435343 0.0
tween 0.0416667
PosEuler -11.2977 3.53871 1.6 1.63093 0.0471909 0.0
tween 0.0416667
PosEuler -11.3328 3.48235 1.6 1.60344 0.0509576 0.0
tween 0.0416667
PosEuler -11.367 3.42542 1.6 1.57611 0.0548302 0.0
tween 0.0416667
PosEuler -11.4003 3.36794 1.6 1.54896 0.0588039 0.0
tween 0.0416667
PosEuler -11.4327 3.30997 1.6 1.52199 0.0628746 0.0
tween 0.0416667
PosEuler -11.4643 3.25152 1.6 1.4952 0.0670378 0.0
tween 0.0416667
PosEuler -11.495 3.19263 1.6 1.46862 0.0712887 0.0
tween 0.0416667
PosEuler -11.5249 3.13332 1.6 1.44224 0.0756232 0.0
tween 0.0416667
PosEuler -11.554 3.07362 1.6 1.41607 0.0800363 0.0
tween 0.0416667
PosEuler -11.5823 3.01354 1.6 1.39012 0.0845244 0.0
tween 0.0416667
PosEuler -11.6099 2.95311 1.6 1.36439 0.0890816 0.0
tween 0.0416667
PosEuler -11.6367 2.89235 1.6 1.33888 0.0937049 0.0
tween 0.0416667
PosEuler -11.6628 2.83125 1.6 1.3136 0.098389 0.0
tween 0.0416667
PosEuler -11.6881 2.76985 1.6 1.28856 0.103129 0.0
tween 0.0416667
PosEuler -11.7127 2.70814 1.6 1.26377 0.107922 0.0
tween 0.0416667
PosEuler -11.7365 2.64613 1.6 1.23921 0.112761 0.0
tween 0.0416667
PosEuler -11.7596 2.58385 1.6 1.21491 0.117645 0.0
tween 0.0416667
PosEuler -11.7819 2.52128 1.6 1.19086 0.122566 0.0
tween 0.0416667
PosEuler -11.8033 2.45842 1.6 1.16707 0.127521 0.0
tween 0.0416667
PosEuler -11.824 2.39529 1.6 1.14354 0.132506 0.0
tween 0.0416667
PosEuler -11.8437 2.33187 1.6 1.12028 0.137516 0.0
tween 0.0416667
PosEuler -11.8575 2.28539 1.6 1.09728 0.142546 0.0
tween 0.0416667
PosEuler -11.8707 2.23875 1.6 1.07457 0.147592 0.0
tween 0.0416667
PosEuler -11.8834 2.19195 1.6 1.05213 0.15265 0.0
tween 0.0416667
PosEuler -11.8955 2.145 1.6 1.02998 0.157715 0.0
tween 0.0416667
PosEuler -11.907 2.0979 1.6 1.00812 0.162782 0.0
tween 0.0416667
PosEuler -11.9179 2.05066 1.6 0.986552 0.167848 0.0
tween 0.0416667
PosEuler -11.9282 2.00327 1.6 0.965281 0.172907 0.0
tween 0.0416667
PosEuler -11.9378 1.95575 1.6 0.944311 0.177955 0.0
tween 0.0416667
PosEuler -11.9464 1.90981 1.6 0.923647 0.182989 0.0
tween 0.0416667
PosEuler -11.9545 1.86376 1.6 0.903295 0.188002 0.0
tween 0.0416667
PosEuler -11.9619 1.81761 1.6 0.883259 0.192992 0.0
tween 0.0416667
PosEuler -11.9686 1.77136 1.6 0.863543 0.197953 0.0
tween 0.0416667
PosEuler -11.9748 1.72502 1.6 0.844154 0.202881 0.0
tween 0.0416667
PosEuler -11.9803 1.67861 1.6 0.825094 0.207772 0.0
tween 0.0416667
PosEuler -11.9852 1.63212 1.6 0.806371 0.212621 0.0
tween 0.0416667
PosEuler -11.9895 1.58557 1.6 0.787988 0.217424 0.0
tween 0.0416667
PosEuler -11.9927 1.54528 1.6 0.769953 0.222176 0.0
tween 0.0416667
PosEuler -11.9954 1.50497 1.6 0.75227 0.226874 0.0
tween 0.0416667
PosEuler -11.9978 1.46462 1.6 0.734944 0.231513 0.0
tween 0.0416667
PosEuler -11.9997 1.42426 1.6 0.717984 0.236088 0.0
tween 0.0416667
PosEuler -12.0011 1.38387 1.6 0.701393 0.240595 0.0
tween 0.0416667
PosEuler -12.0022 1.34348 1.6 0.685179 0.24503 0.0
tween 0.0416667
PosEuler -12.003 1.30307 1.6 0.669349 0.249389 0.0
tween 0.0416667
PosEuler -12.0034 1.26267 1.6 0.653909 0.253667 0.0
tween 0.0416667
PosEuler -12.0034 1.22747 1.6 0.638867 0.25786 0.0
tween 0.0416667
PosEuler -12.0032 1.19228 1.6 0.624231 0.261964 0.0
tween 0.0416667
PosEuler -12.0028 1.15708 1.6 0.610007 0.265974 0.0
tween 0.0416667
PosEuler -12.0023 1.12189 1.6 0.596206 0.269886 0.0
tween 0.0416667
PosEuler -12.0015 1.08671 1.6 0.582835 0.273697 0.0
tween 0.0416667
PosEuler -12.0005 1.05152 1.6 0.569903 0.277401 0.0
tween 0.0416667
PosEuler -11.9994 1.01635 1.6 0.557421 0.280994 0.0
tween 0.0416667
PosEuler -11.9982 0.981172 1.6 0.545397 0.284473 0.0
tween 0.0416667
PosEuler -11.9967 0.944848 1.6 0.533844 0.287833 0.0
tween 0.0416667
PosEuler -11.9952 0.908533 1.6 0.522772 0.29107 0.0
tween 0.0416667
PosEuler -11.9936 0.872218 1.6 0.512192 0.29418 0.0
tween 0.0416667
PosEuler -11.992 0.835908 1.6 0.502118 0.297158 0.0
tween 0.0416667
PosEuler -11.9902 0.7996 1.6 0.492562 0.300001 0.0
tween 0.0416667
PosEuler -11.9885 0.763292 1.6 0.483539 0.302704 0.0
tween 0.0416667
PosEuler -11.9869 0.731397 1.6 0.475064 0.305263 0.0
tween 0.0416667
PosEuler -11.9853 0.6995 1.6 0.467151 0.307673 0.0
tween 0.0416667
PosEuler -11.9838 0.667607 1.6 0.459819 0.309931 0.0
tween 0.0416667
PosEuler -11.9823 0.635708 1.6 0.453085 0.312033 0.0
tween 0.0416667
PosEuler -11.9807 0.603813 1.6 0.446968 0.313974 0.0
tween 0.0416667
PosEuler -11.9793 0.571911 1.6 0.441488 0.31575 0.0
tween 0.0416667
PosEuler -11.9779 0.540007 1.6 0.436668 0.317358 0.0
tween 0.0416667
PosEuler -11.9767 0.512276 1.6 0.432529 0.318792 0.0
tween 0.0416667
PosEuler -11.9755 0.484543 1.6 0.429098 0.320048 0.0
tween 0.0416667
PosEuler -11.9745 0.456808 1.6 0.4264 0.321123 0.0
tween 0.0416667
PosEuler -11.9734 0.429071 1.6 0.424465 0.322012 0.0
tween 0.0416667
PosEuler -11.9725 0.401331 1.6 0.423324 0.322711 0.0
tween 0.0416667
PosEuler -11.9716 0.373589 1.6 0.423008 0.323215 0.0
tween 0.0416667
PosEuler -11.9708 0.345844 1.6 0.42309 0.323521 0.0
tween 0.0416667
PosEuler -11.9701 0.321298 1.6 0.423118 0.323624 0.0
tween 0.0416667
PosEuler -11.9694 0.296756 1.6 0.423118 0.323624 0.0
tween 0.0416667
PosEuler -11.9687 0.27221 1.6 0.423118 0.323624 0.0
tween 0.0416667
PosEuler -11.9681 0.247663 1.6 0.423118 0.323624 0.0
tween 0.0416667
PosEuler -11.9674 0.223116 1.6 0.423118 0.323624 0.0
tween 0.0416667
PosEuler -11.9668 0.198569 1.6 0.423118 0.323624 0.0
tween 0.0416667
PosEuler -11.9662 0.176767 1.6 0.423118 0.323624 0.0
tween 0.0416667
PosEuler -11.9656 0.154965 1.6 0.423118 0.323624 0.0
tween 0.0416667
PosEuler -11.965 0.133167 1.6 0.423118 0.323624 0.0
tween 0.0416667
PosEuler -11.9644 0.111365 1.6 0.423118 0.323624 0.0
tween 0.0416667
PosEuler -11.9638 0.089567 1.6 0.423118 0.323624 0.0
tween 0.0416667
PosEuler -11.9632 0.0677652 1.6 0.423118 0.323624 0.0
tween 0.0416667
PosEuler -11.9626 0.0459636 1.6 0.423118 0.323624 0.0
tween 0.0416667
PosEuler -11.962 0.0241621 1.6 0.423118 0.323624 0.0
tween 0.0416667
PosEuler -11.9615 0.0045169 1.6 0.423118 0.323624 0.0
tween 0.0416667
PosEuler -11.9609 -0.0151324 1.6 0.423118 0.323624 0.0
tween 0.0416667
PosEuler -11.9603 -0.0347814 1.6 0.423119 0.323624 0.0
tween 0.0416667
PosEuler -11.9598 -0.050664 1.6 0.423118 0.323624 0.0
tween 0.0416667
PosEuler -11.9594 -0.0665464 1.6 0.423118 0.323624 0.0
tween 0.0416667
PosEuler -11.9589 -0.0824285 1.6 0.423118 0.323624 0.0
tween 0.0416667
PosEuler -11.9584 -0.0983103 1.6 0.423118 0.323624 0.0
tween 0.0416667
PosEuler -11.958 -0.109279 1.6 0.423118 0.323624 0.0
tween 0.0416667
PosEuler -11.9577 -0.120252 1.6 0.423118 0.323624 0.0
tween 0.0416667
PosEuler -11.9573 -0.131225 1.6 0.423119 0.323624 0.0
tween 0.0416667
PosEuler -11.9569 -0.142193 1.6 0.423119 0.323624 0.0
tween 0.0416667
PosEuler -11.9567 -0.149248 1.6 0.423118 0.323624 0.0
tween 0.0416667
PosEuler -11.9565 -0.156303 1.6 0.423119 0.323624 0.0
tween 0.0416667
PosEuler -11.9562 -0.163358 1.6 0.423119 0.323624 0.0
tween 0.0416667
PosEuler -11.956 -0.170413 1.6 0.423119 0.323624 0.0
tween 0.0416667
PosEuler -11.9557 -0.177468 1.6 0.423119 0.323624 0.0
tween 0.0416667
PosEuler -11.9556 -0.182472 1.6 0.423119 0.323624 0.0
tween 0.0416667
PosEuler -11.9554 -0.187475 1.6 0.423119 0.323624 0.0
tween 0.0416667
PosEuler -11.9552 -0.192478 1.6 0.423119 0.323624 0.0
tween 0.0416667
PosEuler -11.9551 -0.196642 1.6 0.423119 0.323624 0.0
tween 0.0416667
PosEuler -11.9549 -0.20081 1.6 0.423119 0.323624 0.0
tween 0.0416667
PosEuler -11.9548 -0.204973 1.6 0.423119 0.323624 0.0
tween 0.0416667
PosEuler -11.9547 -0.207427 1.6 0.423119 0.323624 0.0
tween 0.0416667
PosEuler -11.9546 -0.209881 1.6 0.423119 0.323624 0.0
tween 0.0416667
PosEuler -11.9545 -0.212335 1.6 0.423119 0.323624 0.0
tween 0.0416667
PosEuler -11.9544 -0.214789 1.6 0.423119 0.323624 0.0
tween 0.0416667
PosEuler -11.9543 -0.21652 1.6 0.423119 0.323624 0.0
tween 0.0416667
PosEuler -11.9543 -0.218251 1.6 0.423119 0.323624 0.0
tween 0.0416667
PosEuler -11.9542 -0.219983 1.6 0.423119 0.323624 0.0
tween 0.0416667
PosEuler -11.9541 -0.221714 1.6 0.423119 0.323624 0.0
tween 0.0416667
PosEuler -11.9541 -0.222545 1.6 0.423119 0.323624 0.0
tween 0.0416667
PosEuler -11.9541 -0.22338 1.6 0.423119 0.323624 0.0
tween 0.0416667
PosEuler -11.954 -0.224211 1.6 0.423119 0.323624 0.0
tween 0.0416667
PosEuler -11.954 -0.225046 1.6 0.423119 0.323624 0.0
tween 0.0416667
PosEuler -11.954 -0.225881 1.6 0.423119 0.323624 0.0
tween 0.0416667
PosEuler -11.954 -0.226712 1.6 0.423119 0.323624 0.0
tween 0.0416667
PosEuler -11.9539 -0.227227 1.6 0.423119 0.323624 0.0
tween 0.0416667
PosEuler -11.9539 -0.227742 1.6 0.423119 0.323624 0.0
tween 0.0416667
PosEuler -11.9539 -0.228257 1.6 0.423119 0.323624 0.0
tween 0.0416667
PosEuler -11.9539 -0.228768 1.6 0.423119 0.323624 0.0
tween 0.0416667
PosEuler -11.9539 -0.229283 1.6 0.423119 0.323624 0.0
tween 0.0416667
PosEuler -11.9538 -0.229798 1.6 0.423119 0.323624 0.0
tween 0.0416667
PosEuler -11.9538 -0.230313 1.6 0.423119 0.323624 0.0
tween 0.0416667
PosEuler -11.9538 -0.230824 1.6 0.423119 0.323624 0.0
tween 0.0416667
PosEuler -11.9538 -0.231343 1.6 0.423119 0.323624 0.0
tween 0.0416667
PosEuler -11.9538 -0.231858 1.6 0.423119 0.323623 0.0
tween 0.0416667
PosEuler -11.9537 -0.232369 1.6 0.423119 0.323623 0.0
tween 0.0416667
PosEuler -11.9537 -0.232888 1.6 0.423119 0.323623 0.0
tween 0.0416667
PosEuler -11.9537 -0.233399 1.6 0.423119 0.323623 0.0
tween 0.0416667
PosEuler -11.9537 -0.233914 1.6 0.42312 0.323623 0.0
tween 0.0416667
PosEuler -11.9537 -0.234429 1.6 0.42312 0.323623 0.0
tween 0.0416667
PosEuler -11.9536 -0.234944 1.6 0.42312 0.323623 0.0
tween 0.0416667
PosEuler -11.9536 -0.235459 1.6 0.42312 0.323623 0.0
tween 0.0416667
PosEuler -11.9536 -0.235974 1.6 0.42312 0.323623 0.0
tween 0.0416667
PosEuler -11.9536 -0.236485 1.6 0.42312 0.323623 0.0
tween 0.0416667
PosEuler -11.9536 -0.237 1.6 0.42312 0.323623 0.0
tween 0.0416667
PosEuler -11.9536 -0.237515 1.6 0.42312 0.323623 0.0
tween 0.0416667
PosEuler -11.9535 -0.23803 1.6 0.42312 0.323623 0.0
tween 0.0416667
PosEuler -11.9535 -0.238545 1.6 0.42312 0.323623 0.0
tween 0.0416667
PosEuler -11.9535 -0.239059 1.6 0.42312 0.323623 0.0
tween 0.0416667
PosEuler -11.9535 -0.23957 1.6 0.42312 0.323623 0.0
tween 0.0416667
PosEuler -11.9535 -0.240085 1.6 0.42312 0.323623 0.0
tween 0.0416667
PosEuler -11.9534 -0.2406 1.6 0.42312 0.323623 0.0
tween 0.0416667
PosEuler -11.9534 -0.241115 1.6 0.42312 0.323623 0.0
tween 0.0416667
PosEuler -11.9534 -0.24163 1.6 0.42312 0.323623 0.0
tween 0.0416667
PosEuler -11.9534 -0.242431 1.6 0.42312 0.323623 0.0
tween 0.0416667
PosEuler -11.9533 -0.243227 1.6 0.42312 0.323622 0.0
tween 0.0416667
PosEuler -11.9533 -0.244023 1.6 0.42312 0.323622 0.0
tween 0.0416667
PosEuler -11.9533 -0.244824 1.6 0.42312 0.323622 0.0
tween 0.0416667
PosEuler -11.9532 -0.245625 1.6 0.42312 0.323622 0.0
tween 0.0416667
PosEuler -11.9532 -0.246776 1.6 0.42312 0.323622 0.0
tween 0.0416667
PosEuler -11.9532 -0.247927 1.6 0.42312 0.323622 0.0
tween 0.0416667
PosEuler -11.9531 -0.249078 1.6 0.42312 0.323622 0.0
tween 0.0416667
PosEuler -11.9531 -0.250229 1.6 0.42312 0.323622 0.0
tween 0.0416667
PosEuler -11.953 -0.252415 1.6 0.42312 0.323622 0.0
tween 0.0416667
PosEuler -11.9529 -0.254604 1.6 0.42312 0.323622 0.0
tween 0.0416667
PosEuler -11.9528 -0.256794 1.6 0.42312 0.323622 0.0
tween 0.0416667
PosEuler -11.9527 -0.259875 1.6 0.423121 0.323622 0.0
tween 0.0416667
PosEuler -11.9526 -0.262956 1.6 0.423121 0.323622 0.0
tween 0.0416667
PosEuler -11.9524 -0.266038 1.6 0.423121 0.323621 0.0
tween 0.0416667
PosEuler -11.9523 -0.269634 1.6 0.423121 0.323621 0.0
tween 0.0416667
PosEuler -11.9522 -0.273226 1.6 0.423121 0.323621 0.0
tween 0.0416667
PosEuler -11.952 -0.276822 1.6 0.423121 0.323621 0.0
tween 0.0416667
PosEuler -11.9519 -0.280418 1.6 0.423121 0.323621 0.0
tween 0.0416667
PosEuler -11.9517 -0.285437 1.6 0.423121 0.323621 0.0
tween 0.0416667
PosEuler -11.9515 -0.290461 1.6 0.423121 0.323621 0.0
tween 0.0416667
PosEuler -11.9513 -0.295485 1.6 0.423121 0.323621 0.0
tween 0.0416667
PosEuler -11.9511 -0.300505 1.6 0.423121 0.323621 0.0
tween 0.0416667
PosEuler -11.9508 -0.306792 1.6 0.423121 0.323621 0.0
tween 0.0416667
PosEuler -11.9505 -0.313079 1.6 0.423122 0.323621 0.0
tween 0.0416667
PosEuler -11.9503 -0.31937 1.6 0.423122 0.323621 0.0
tween 0.0416667
PosEuler -11.95 -0.326813 1.6 0.423122 0.32362 0.0
tween 0.0416667
PosEuler -11.9496 -0.334264 1.6 0.423122 0.32362 0.0
tween 0.0416667
PosEuler -11.9493 -0.34171 1.6 0.423072 0.323438 0.0
tween 0.0416667
PosEuler -11.9488 -0.354422 1.6 0.422927 0.322897 0.0
tween 0.0416667
PosEuler -11.9482 -0.367137 1.6 0.422688 0.322008 0.0
tween 0.0416667
PosEuler -11.9476 -0.379852 1.6 0.42236 0.320781 0.0
tween 0.0416667
PosEuler -11.947 -0.392562 1.6 0.422535 0.319226 0.0
tween 0.0416667
PosEuler -11.9461 -0.410943 1.6 0.423768 0.317354 0.0
tween 0.0416667
PosEuler -11.9452 -0.429331 1.6 0.426009 0.315173 0.0
tween 0.0416667
PosEuler -11.9443 -0.447714 1.6 0.429206 0.312694 0.0
tween 0.0416667
PosEuler -11.9433 -0.467713 1.6 0.433309 0.309927 0.0
tween 0.0416667
PosEuler -11.9422 -0.48771 1.6 0.438267 0.306882 0.0
tween 0.0416667
PosEuler -11.9411 -0.50771 1.6 0.444028 0.303568 0.0
tween 0.0416667
PosEuler -11.94 -0.527704 1.6 0.450544 0.299996 0.0
tween 0.0416667
PosEuler -11.9388 -0.547696 1.6 0.457761 0.296176 0.0
tween 0.0416667
PosEuler -11.9376 -0.567686 1.6 0.465631 0.292117 0.0
tween 0.0416667
PosEuler -11.9361 -0.591724 1.6 0.474103 0.287829 0.0
tween 0.0416667
PosEuler -11.9346 -0.615759 1.6 0.483125 0.283322 0.0
tween 0.0416667
PosEuler -11.933 -0.63979 1.6 0.492648 0.278607 0.0
tween 0.0416667
PosEuler -11.9314 -0.663817 1.6 0.50262 0.273692 0.0
tween 0.0416667
PosEuler -11.9297 -0.687841 1.6 0.51299 0.268589 0.0
tween 0.0416667
PosEuler -11.9279 -0.71186 1.6 0.523708 0.263307 0.0
tween 0.0416667
PosEuler -11.9256 -0.742036 1.6 0.534723 0.257856 0.0
tween 0.0416667
PosEuler -11.9232 -0.772204 1.6 0.545982 0.252246 0.0
tween 0.0416667
PosEuler -11.9207 -0.802364 1.6 0.557435 0.246488 0.0
tween 0.0416667
PosEuler -11.9181 -0.83252 1.6 0.56903 0.240591 0.0
tween 0.0416667
PosEuler -11.9154 -0.862661 1.6 0.580716 0.234566 0.0
tween 0.0416667
PosEuler -11.9125 -0.892792 1.6 0.592439 0.228423 0.0
tween 0.0416667
PosEuler -11.9095 -0.923511 1.6 0.604149 0.222173 0.0
tween 0.0416667
PosEuler -11.9064 -0.954211 1.6 0.615793 0.215824 0.0
tween 0.0416667
PosEuler -11.9031 -0.984904 1.6 0.627318 0.209389 0.0
tween 0.0416667
PosEuler -11.8997 -1.01558 1.6 0.638671 0.202877 0.0
tween 0.0416667
PosEuler -11.8962 -1.04624 1.6 0.649799 0.196299 0.0
tween 0.0416667
PosEuler -11.8925 -1.07688 1.6 0.660649 0.189665 0.0
tween 0.0416667
PosEuler -11.8887 -1.10751 1.6 0.671168 0.182985 0.0
tween 0.0416667
PosEuler -11.8847 -1.13811 1.6 0.681303 0.176271 0.0
tween 0.0416667
PosEuler -11.8796 -1.17539 1.6 0.690998 0.169532 0.0
tween 0.0416667
PosEuler -11.8743 -1.21263 1.6 0.7002 0.162779 0.0
tween 0.0416667
PosEuler -11.8687 -1.24985 1.6 0.708855 0.156023 0.0
tween 0.0416667
PosEuler -11.8628 -1.28701 1.6 0.716908 0.149274 0.0
tween 0.0416667
PosEuler -11.8567 -1.32413 1.6 0.724304 0.142543 0.0
tween 0.0416667
PosEuler -11.8503 -1.36121 1.6 0.730989 0.135841 0.0
tween 0.0416667
PosEuler -11.8413 -1.41047 1.6 0.736906 0.129177 0.0
tween 0.0416667
PosEuler -11.8317 -1.45962 1.6 0.742001 0.122564 0.0
tween 0.0416667
PosEuler -11.8215 -1.50866 1.6 0.746219 0.11601 0.0
tween 0.0416667
PosEuler -11.8107 -1.55756 1.6 0.749502 0.109528 0.0
tween 0.0416667
PosEuler -11.7992 -1.60632 1.6 0.751796 0.103128 0.0
tween 0.0416667
PosEuler -11.7871 -1.6549 1.6 0.753044 0.0968193 0.0
tween 0.0416667
PosEuler -11.7725 -1.70925 1.6 0.75319 0.0906141 0.0
tween 0.0416667
PosEuler -11.757 -1.76332 1.6 0.752703 0.0845225 0.0
tween 0.0416667
PosEuler -11.7404 -1.81708 1.6 0.752091 0.0785553 0.0
tween 0.0416667
PosEuler -11.7227 -1.87048 1.6 0.751356 0.0727233 0.0
tween 0.0416667
PosEuler -11.7038 -1.92349 1.6 0.750497 0.0670366 0.0
tween 0.0416667
PosEuler -11.6853 -1.97659 1.6 0.749516 0.0615061 0.0
tween 0.0416667
PosEuler -11.6661 -2.03465 1.6 0.748413 0.0561425 0.0
tween 0.0416667
PosEuler -11.6479 -2.09299 1.6 0.747189 0.0509565 0.0
tween 0.0416667
PosEuler -11.6304 -2.15156 1.6 0.745843 0.0459587 0.0
tween 0.0416667
PosEuler -11.6134 -2.21029 1.6 0.744376 0.0411594 0.0
tween 0.0416667
PosEuler -11.5968 -2.26912 1.6 0.742788 0.0365694 0.0
tween 0.0416667
PosEuler -11.5803 -2.32798 1.6 0.74108 0.0321993 0.0
tween 0.0416667
PosEuler -11.5637 -2.38681 1.6 0.739251 0.0280596 0.0
tween 0.0416667
PosEuler -11.5468 -2.44554 1.6 0.737302 0.0241607 0.0
tween 0.0416667
PosEuler -11.5292 -2.5041 1.6 0.735232 0.0205134 0.0
tween 0.0416667
PosEuler -11.5109 -2.5624 1.6 0.733041 0.0171281 0.0
tween 0.0416667
PosEuler -11.4914 -2.62033 1.6 0.730731 0.0140157 0.0
tween 0.0416667
PosEuler -11.4705 -2.6778 1.6 0.7283 0.0111859 0.0
tween 0.0416667
PosEuler -11.4481 -2.73466 1.6 0.725751 0.00864993 0.0
tween 0.0416667
PosEuler -11.4238 -2.79075 1.6 0.723081 0.00641815 0.0
tween 0.0416667
PosEuler -11.3975 -2.84592 1.6 0.720294 0.0045004 0.0
tween 0.0416667
PosEuler -11.3689 -2.89996 1.6 0.717388 0.00290835 0.0
tween 0.0416667
PosEuler -11.338 -2.9527 1.6 0.714365 0.00165176 0.0
tween 0.0416667
PosEuler -11.3047 -3.00392 1.6 0.711227 0.000741124 0.0
tween 0.0416667
PosEuler -11.2688 -3.05343 1.6 0.707974 0.00018692 0.0
tween 0.0416667
PosEuler -11.2306 -3.10107 1.6 0.704609 2.38419e-007 0.0
tween 0.0416667
PosEuler -11.1899 -3.14672 1.6 0.701132 0.0 0.0
tween 0.0416667
PosEuler -11.147 -3.19027 1.6 0.697546 1.19209e-007 0.0
tween 0.0416667
PosEuler -11.1021 -3.23167 1.6 0.693854 0.0 0.0
tween 0.0416667
PosEuler -11.0552 -3.27088 1.6 0.690057 0.0 0.0
tween 0.0416667
PosEuler -11.0065 -3.3079 1.6 0.686158 1.19209e-007 0.0
tween 0.0416667
PosEuler -10.9564 -3.34285 1.6 0.682157 0.0 0.0
tween 0.0416667
PosEuler -10.9049 -3.37573 1.6 0.678059 1.19209e-007 0.0
tween 0.0416667
PosEuler -10.8522 -3.40668 1.6 0.673863 2.38419e-007 0.0
tween 0.0416667
PosEuler -10.7984 -3.43574 1.6 0.669574 1.19209e-007 0.0
tween 0.0416667
PosEuler -10.7437 -3.46306 1.6 0.665192 0.0 0.0
tween 0.0416667
PosEuler -10.6882 -3.48875 1.6 0.66072 1.19209e-007 0.0
tween 0.0416667
PosEuler -10.6321 -3.51286 1.6 0.656159 0.0 0.0
tween 0.0416667
PosEuler -10.5753 -3.53551 1.6 0.651513 -1.19209e-007 0.0
tween 0.0416667
PosEuler -10.518 -3.55679 1.6 0.646783 1.19209e-007 0.0
tween 0.0416667
PosEuler -10.4602 -3.57668 1.6 0.641971 0.0 0.0
tween 0.0416667
PosEuler -10.402 -3.59531 1.6 0.637078 2.38419e-007 0.0
tween 0.0416667
PosEuler -10.3434 -3.61289 1.6 0.632108 0.0 0.0
tween 0.0416667
PosEuler -10.2846 -3.62953 1.6 0.627063 0.0 0.0
tween 0.0416667
PosEuler -10.2256 -3.64532 1.6 0.621943 0.0 0.0
tween 0.0416667
PosEuler -10.1663 -3.66031 1.6 0.616752 1.19209e-007 0.0
tween 0.0416667
PosEuler -10.1069 -3.67465 1.6 0.611492 1.19209e-007 0.0
tween 0.0416667
PosEuler -10.0473 -3.68831 1.6 0.606164 1.19209e-007 0.0
tween 0.0416667
PosEuler -9.98759 -3.70143 1.6 0.600771 0.0 0.0
tween 0.0416667
PosEuler -9.92776 -3.71398 1.6 0.595315 1.19209e-007 0.0
tween 0.0416667
PosEuler -9.86784 -3.72607 1.6 0.589797 0.0 0.0
tween 0.0416667
PosEuler -9.80783 -3.73766 1.6 0.58422 1.19209e-007 0.0
tween 0.0416667
PosEuler -9.74773 -3.74886 1.6 0.578586 0.0 0.0
tween 0.0416667
PosEuler -9.68756 -3.75964 1.6 0.572897 0.0 0.0
tween 0.0416667
PosEuler -9.62733 -3.77005 1.6 0.567155 0.0 0.0
tween 0.0416667
PosEuler -9.56704 -3.78013 1.6 0.561363 1.19209e-007 0.0
tween 0.0416667
PosEuler -9.50668 -3.78985 1.6 0.555521 0.0 0.0
tween 0.0416667
PosEuler -9.44629 -3.79926 1.6 0.549633 0.0 0.0
tween 0.0416667
PosEuler -9.38585 -3.80839 1.6 0.543701 1.19209e-007 0.0
tween 0.0416667
PosEuler -9.32536 -3.81724 1.6 0.537725 0.0 0.0
tween 0.0416667
PosEuler -9.26484 -3.82581 1.6 0.531709 0.0 0.0
tween 0.0416667
PosEuler -9.20428 -3.83413 1.6 0.525655 2.38419e-007 0.0
tween 0.0416667
PosEuler -9.14369 -3.84222 1.6 0.519565 0.0 0.0
tween 0.0416667
PosEuler -9.08306 -3.85007 1.6 0.51344 0.0 0.0
tween 0.0416667
PosEuler -9.02241 -3.8577 1.6 0.507283 0.0 0.0
tween 0.0416667
PosEuler -8.96174 -3.86511 1.6 0.501096 2.38419e-007 0.0
tween 0.0416667
PosEuler -8.90104 -3.87234 1.6 0.494881 0.0 0.0
tween 0.0416667
PosEuler -8.84032 -3.87937 1.6 0.488639 0.0 0.0
tween 0.0416667
PosEuler -8.77957 -3.8862 1.6 0.482374 0.0 0.0
tween 0.0416667
PosEuler -8.7188 -3.89285 1.6 0.476087 0.0 0.0
tween 0.0416667
PosEuler -8.65802 -3.89933 1.6 0.469781 0.0 0.0
tween 0.0416667
PosEuler -8.59722 -3.90565 1.6 0.463457 1.19209e-007 0.0
tween 0.0416667
PosEuler -8.53641 -3.91182 1.6 0.457117 0.0 0.0
tween 0.0416667
PosEuler -8.47557 -3.91782 1.6 0.450763 2.38419e-007 0.0
tween 0.0416667
PosEuler -8.41472 -3.92366 1.6 0.444398 0.0 0.0
tween 0.0416667
PosEuler -8.35387 -3.92936 1.6 0.438024 0.0 0.0
tween 0.0416667
PosEuler -8.29298 -3.93493 1.6 0.431642 0.0 0.0
tween 0.0416667
PosEuler -8.2321 -3.94036 1.6 0.425255 0.0 0.0
tween 0.0416667
PosEuler -8.1712 -3.94566 1.6 0.418865 0.0 0.0
tween 0.0416667
PosEuler -8.1103 -3.95082 1.6 0.412474 0.0 0.0
tween 0.0416667
PosEuler -8.04937 -3.95586 1.6 0.406084 1.19209e-007 0.0
tween 0.0416667
PosEuler -7.98845 -3.96077 1.6 0.399696 0.0 0.0
tween 0.0416667
PosEuler -7.9275 -3.96557 1.6 0.393314 1.19209e-007 0.0
tween 0.0416667
PosEuler -7.86656 -3.97026 1.6 0.386939 0.0 0.0
tween 0.0416667
PosEuler -7.8056 -3.97484 1.6 0.380574 -1.19209e-007 0.0
tween 0.0416667
PosEuler -7.74463 -3.9793 1.6 0.37422 1.19209e-007 0.0
tween 0.0416667
PosEuler -7.68366 -3.98365 1.6 0.367878 1.19209e-007 0.0
tween 0.0416667
PosEuler -7.62269 -3.9879 1.6 0.361553 2.38419e-007 0.0
tween 0.0416667
PosEuler -7.5617 -3.99205 1.6 0.355245 2.38419e-007 0.0
tween 0.0416667
PosEuler -7.5007 -3.9961 1.6 0.348957 0.0 0.0
tween 0.0416667
PosEuler -7.4397 -4.00006 1.6 0.34269 0.0 0.0
tween 0.0416667
PosEuler -7.37869 -4.00392 1.6 0.336447 1.19209e-007 0.0
tween 0.0416667
PosEuler -7.31768 -4.00768 1.6 0.33023 0.0 0.0
tween 0.0416667
PosEuler -7.25667 -4.01135 1.6 0.324041 2.38419e-007 0.0
tween 0.0416667
PosEuler -7.19564 -4.01494 1.6 0.317882 1.19209e-007 0.0
tween 0.0416667
PosEuler -7.13462 -4.01844 1.6 0.311755 0.0 0.0
tween 0.0416667
PosEuler -7.07358 -4.02186 1.6 0.305662 1.19209e-007 0.0
tween 0.0416667
PosEuler -7.01254 -4.02518 1.6 0.299605 -1.19209e-007 0.0
tween 0.0416667
PosEuler -6.9515 -4.02842 1.6 0.293587 0.0 0.0
tween 0.0416667
PosEuler -6.89046 -4.03158 1.6 0.287609 2.38419e-007 0.0
tween 0.0416667
PosEuler -6.82941 -4.03467 1.6 0.281674 1.19209e-007 0.0
tween 0.0416667
PosEuler -6.76835 -4.03767 1.6 0.275782 0.0 0.0
tween 0.0416667
PosEuler -6.70729 -4.0406 1.6 0.269938 1.19209e-007 0.0
tween 0.0416667
PosEuler -6.64623 -4.04345 1.6 0.264142 1.19209e-007 0.0
tween 0.0416667
PosEuler -6.58517 -4.04623 1.6 0.258396 0.0 0.0
tween 0.0416667
PosEuler -6.5241 -4.04893 1.6 0.252704 0.0 0.0
tween 0.0416667
PosEuler -6.46303 -4.05156 1.6 0.247066 0.0 0.0
tween 0.0416667
PosEuler -6.40196 -4.05412 1.6 0.241485 -1.19209e-007 0.0
tween 0.0416667
PosEuler -6.34088 -4.05661 1.6 0.235963 1.19209e-007 0.0
tween 0.0416667
PosEuler -6.2798 -4.05902 1.6 0.230503 0.0 0.0
tween 0.0416667
PosEuler -6.21872 -4.06137 1.6 0.225105 0.0 0.0
tween 0.0416667
PosEuler -6.15763 -4.06365 1.6 0.219773 1.19209e-007 0.0
tween 0.0416667
PosEuler -6.09654 -4.06586 1.6 0.214508 0.0 0.0
tween 0.0416667
PosEuler -6.03545 -4.06801 1.6 0.209312 0.0 0.0
tween 0.0416667
PosEuler -5.97436 -4.07009 1.6 0.204188 1.19209e-007 0.0
tween 0.0416667
PosEuler -5.91326 -4.0721 1.6 0.199138 2.38419e-007 0.0
tween 0.0416667
PosEuler -5.85216 -4.07385 1.6 0.194162 1.19209e-007 0.0
tween 0.0416667
PosEuler -5.79104 -4.07521 1.6 0.189265 1.19209e-007 0.0
tween 0.0416667
PosEuler -5.72992 -4.07611 1.6 0.184447 0.0 0.0
tween 0.0416667
PosEuler -5.6688 -4.0766 1.6 0.179711 1.19209e-007 0.0
tween 0.0416667
PosEuler -5.60767 -4.07665 1.6 0.175059 0.0 0.0
tween 0.0416667
PosEuler -5.54654 -4.07623 1.6 0.170493 1.19209e-007 0.0
tween 0.0416667
PosEuler -5.48543 -4.07538 1.6 0.166015 0.0 0.0
tween 0.0416667
PosEuler -5.42431 -4.07408 1.6 0.161627 1.19209e-007 0.0
tween 0.0416667
PosEuler -5.36321 -4.0723 1.6 0.157331 1.19209e-007 0.0
tween 0.0416667
PosEuler -5.30212 -4.07009 1.6 0.153129 -1.19209e-007 0.0
tween 0.0416667
PosEuler -5.24105 -4.06742 1.6 0.149024 1.19209e-007 0.0
tween 0.0416667
PosEuler -5.18 -4.0643 1.6 0.145017 0.0 0.0
tween 0.0416667
PosEuler -5.11898 -4.06072 1.6 0.14111 2.38419e-007 0.0
tween 0.0416667
PosEuler -5.05798 -4.05672 1.6 0.137307 0.0 0.0
tween 0.0416667
PosEuler -4.99702 -4.05229 1.6 0.133607 0.0 0.0
tween 0.0416667
PosEuler -4.93608 -4.04745 1.6 0.130014 0.0 0.0
tween 0.0416667
PosEuler -4.87518 -4.04222 1.6 0.12653 0.0 0.0
tween 0.0416667
PosEuler -4.81431 -4.0366 1.6 0.123158 0.0 0.0
tween 0.0416667
PosEuler -4.75348 -4.03061 1.6 0.119897 0.0 0.0
tween 0.0416667
PosEuler -4.69267 -4.02429 1.6 0.116752 1.19209e-007 0.0
tween 0.0416667
PosEuler -4.63191 -4.01766 1.6 0.113723 0.0 0.0
tween 0.0416667
PosEuler -4.57117 -4.01075 1.6 0.110814 0.0 0.0
tween 0.0416667
PosEuler -4.51047 -4.00358 1.6 0.108026 0.0 0.0
tween 0.0416667
PosEuler -4.44978 -3.99619 1.6 0.105361 0.0 0.0
tween 0.0416667
PosEuler -4.38913 -3.98861 1.6 0.102822 1.19209e-007 0.0
tween 0.0416667
PosEuler -4.32849 -3.98087 1.6 0.10041 2.38419e-007 0.0
tween 0.0416667
PosEuler -4.26787 -3.973 1.6 0.0981273 0.0 0.0
tween 0.0416667
PosEuler -4.20726 -3.96504 1.6 0.0959758 3.57628e-007 0.0
tween 0.0416667
PosEuler -4.14666 -3.95703 1.6 0.0939588 1.19209e-007 0.0
tween 0.0416667
PosEuler -4.08607 -3.949 1.6 0.0920766 0.0 0.0
tween 0.0416667
PosEuler -4.02547 -3.94098 1.6 0.0903329 0.0 0.0
tween 0.0416667
PosEuler -3.96486 -3.93301 1.6 0.0887289 0.0 0.0
tween 0.0416667
PosEuler -3.90425 -3.92511 1.6 0.0872664 1.19209e-007 0.0
tween 0.0416667
PosEuler -3.84361 -3.91732 1.6 0.085896 0.0 0.0
tween 0.0416667
PosEuler -3.78297 -3.90968 1.6 0.0845656 1.19209e-007 0.0
tween 0.0416667
PosEuler -3.7223 -3.90219 1.6 0.0832744 0.0 0.0
tween 0.0416667
PosEuler -3.66161 -3.89489 1.6 0.0820222 0.0 0.0
tween 0.0416667
PosEuler -3.60089 -3.8878 1.6 0.0808087 1.19209e-007 0.0
tween 0.0416667
PosEuler -3.54015 -3.88093 1.6 0.0796322 0.0 0.0
tween 0.0416667
PosEuler -3.47939 -3.87431 1.6 0.0784927 0.0 0.0
tween 0.0416667
PosEuler -3.41859 -3.86797 1.6 0.0773902 1.19209e-007 0.0
tween 0.0416667
PosEuler -3.35776 -3.8619 1.6 0.0763229 1.19209e-007 0.0
tween 0.0416667
PosEuler -3.29691 -3.85612 1.6 0.075291 2.38419e-007 0.0
tween 0.0416667
PosEuler -3.23603 -3.85063 1.6 0.074294 0.0 0.0
tween 0.0416667
PosEuler -3.17512 -3.84548 1.6 0.0733314 1.19209e-007 0.0
tween 0.0416667
PosEuler -3.11418 -3.84062 1.6 0.072402 2.38419e-007 0.0
tween 0.0416667
PosEuler -3.05322 -3.83609 1.6 0.0715055 0.0 0.0
tween 0.0416667
PosEuler -2.99224 -3.83189 1.6 0.0706411 2.38419e-007 0.0
tween 0.0416667
PosEuler -2.93123 -3.82801 1.6 0.0698083 0.0 0.0
tween 0.0416667
PosEuler -2.87021 -3.82447 1.6 0.0690075 1.19209e-007 0.0
tween 0.0416667
PosEuler -2.80916 -3.82125 1.6 0.0682363 1.19209e-007 0.0
tween 0.0416667
PosEuler -2.74811 -3.81837 1.6 0.0674954 1.19209e-007 0.0
tween 0.0416667
PosEuler -2.68703 -3.81581 1.6 0.066784 0.0 0.0
tween 0.0416667
PosEuler -2.62595 -3.81359 1.6 0.0661011 1.19209e-007 0.0
tween 0.0416667
PosEuler -2.56484 -3.81167 1.6 0.0654462 0.0 0.0
tween 0.0416667
PosEuler -2.50374 -3.8101 1.6 0.0648189 2.38419e-007 0.0
tween 0.0416667
PosEuler -2.44262 -3.80881 1.6 0.064219 1.19209e-007 0.0
tween 0.0416667
PosEuler -2.3815 -3.8078 1.6 0.0636449 0.0 0.0
tween 0.0416667
PosEuler -2.32038 -3.80696 1.6 0.063097 1.19209e-007 0.0
tween 0.0416667
PosEuler -2.25926 -3.80628 1.6 0.0625743 1.19209e-007 0.0
tween 0.0416667
PosEuler -2.19813 -3.80577 1.6 0.0620761 0.0 0.0
tween 0.0416667
PosEuler -2.137 -3.8054 1.6 0.0616017 2.38419e-007 0.0
tween 0.0416667
PosEuler -2.07587 -3.80516 1.6 0.0611511 1.19209e-007 0.0
tween 0.0416667
PosEuler -2.01474 -3.80507 1.6 0.0607227 1.19209e-007 0.0
tween 0.0416667
PosEuler -1.95362 -3.8051 1.6 0.060317 1.19209e-007 0.0
tween 0.0416667
PosEuler -1.89249 -3.80524 1.6 0.0599331 0.0 0.0
tween 0.0416667
PosEuler -1.83136 -3.80551 1.6 0.0595699 2.38419e-007 0.0
tween 0.0416667
PosEuler -1.77024 -3.80588 1.6 0.0592274 2.38419e-007 0.0
tween 0.0416667
PosEuler -1.70911 -3.80635 1.6 0.0589047 1.19209e-007 0.0
tween 0.0416667
PosEuler -1.64798 -3.80692 1.6 0.0586013 0.0 0.0
tween 0.0416667
PosEuler -1.58686 -3.80758 1.6 0.0583163 1.19209e-007 0.0
tween 0.0416667
PosEuler -1.52574 -3.80833 1.6 0.0580496 1.19209e-007 0.0
tween 0.0416667
PosEuler -1.46461 -3.80916 1.6 0.0578002 0.0 0.0
tween 0.0416667
PosEuler -1.40349 -3.81007 1.6 0.057568 1.19209e-007 0.0
tween 0.0416667
PosEuler -1.34237 -3.81105 1.6 0.0573522 1.19209e-007 0.0
tween 0.0416667
PosEuler -1.28125 -3.81211 1.6 0.0571513 1.19209e-007 0.0
tween 0.0416667
PosEuler -1.22014 -3.81323 1.6 0.0569663 1.19209e-007 0.0
tween 0.0416667
PosEuler -1.15902 -3.81441 1.6 0.0567955 0.0 0.0
tween 0.0416667
PosEuler -1.0979 -3.81566 1.6 0.0566387 1.19209e-007 0.0
tween 0.0416667
PosEuler -1.03679 -3.81696 1.6 0.0564952 0.0 0.0
tween 0.0416667
PosEuler -0.975677 -3.81831 1.6 0.0563646 0.0 0.0
tween 0.0416667
PosEuler -0.914564 -3.81972 1.6 0.0562458 1.19209e-007 0.0
tween 0.0416667
PosEuler -0.853456 -3.82117 1.6 0.0561389 0.0 0.0
tween 0.0416667
PosEuler -0.792341 -3.82267 1.6 0.0560426 0.0 0.0
tween 0.0416667
PosEuler -0.731235 -3.82421 1.6 0.0559573 0.0 0.0
tween 0.0416667
PosEuler -0.670131 -3.82579 1.6 0.0558814 0.0 0.0
tween 0.0416667
PosEuler -0.609022 -3.82741 1.6 0.0558147 0.0 0.0
tween 0.0416667
PosEuler -0.547915 -3.82906 1.6 0.0557566 0.0 0.0
tween 0.0416667
PosEuler -0.486813 -3.83074 1.6 0.0557065 0.0 0.0
tween 0.0416667
PosEuler -0.425704 -3.83246 1.6 0.0556635 0.0 0.0
tween 0.0416667
PosEuler -0.364603 -3.8342 1.6 0.0556279 1.19209e-007 0.0
tween 0.0416667
PosEuler -0.303504 -3.83596 1.6 0.0555983 0.0 0.0
tween 0.0416667
PosEuler -0.2424 -3.83775 1.6 0.0555739 1.19209e-007 0.0
tween 0.0416667
PosEuler -0.181298 -3.83956 1.6 0.0555549 0.0 0.0
tween 0.0416667
PosEuler -0.1202 -3.84139 1.6 0.0555405 1.19209e-007 0.0
tween 0.0416667
PosEuler -0.0590984 -3.84323 1.6 0.0555296 0.0 0.0
tween 0.0416667
PosEuler 0.00200276 -3.84509 1.6 0.0555225 1.19209e-007 0.0
tween 0.0416667
PosEuler 0.0630992 -3.84697 1.6 0.0555175 0.0 0.0
tween 0.0416667
PosEuler 0.124204 -3.84885 1.6 0.0555149 0.0 0.0
tween 0.0416667
PosEuler 0.1853 -3.85074 1.6 0.0555139 1.19209e-007 0.0
tween 0.0416667
PosEuler 0.246395 -3.85264 1.6 0.0555134 0.0 0.0
tween 0.0416667
PosEuler 0.307495 -3.85454 1.6 0.0555134 0.0 0.0
tween 0.0416667
PosEuler 0.368594 -3.85645 1.6 0.0555129 1.19209e-007 0.0
tween 0.0416667
PosEuler 0.429695 -3.85835 1.6 0.055512 1.19209e-007 0.0
tween 0.0416667
PosEuler 0.490794 -3.86026 1.6 0.055509 0.0 0.0
tween 0.0416667
PosEuler 0.55189 -3.86216 1.6 0.0555042 0.0 0.0
tween 0.0416667
PosEuler 0.612985 -3.86406 1.6 0.0554972 2.38419e-007 0.0
tween 0.0416667
PosEuler 0.674085 -3.86596 1.6 0.0554862 1.19209e-007 0.0
tween 0.0416667
PosEuler 0.735186 -3.86784 1.6 0.0554718 1.19209e-007 0.0
tween 0.0416667
PosEuler 0.796286 -3.86972 1.6 0.0554528 0.0 0.0
tween 0.0416667
PosEuler 0.857387 -3.87158 1.6 0.0554285 0.0 0.0
tween 0.0416667
PosEuler 0.918484 -3.87343 1.6 0.055399 1.19209e-007 0.0
tween 0.0416667
PosEuler 0.979586 -3.87527 1.6 0.0553632 1.19209e-007 0.0
tween 0.0416667
PosEuler 1.04069 -3.87709 1.6 0.0553202 2.38419e-007 0.0
tween 0.0416667
PosEuler 1.10179 -3.87889 1.6 0.0552702 1.19209e-007 0.0
tween 0.0416667
PosEuler 1.16289 -3.88067 1.6 0.0552119 0.0 0.0
tween 0.0416667
PosEuler 1.22399 -3.88243 1.6 0.0551452 1.19209e-007 0.0
tween 0.0416667
PosEuler 1.2851 -3.88416 1.6 0.0550694 0.0 0.0
tween 0.0416667
PosEuler 1.3462 -3.88587 1.6 0.0549841 0.0 0.0
tween 0.0416667
PosEuler 1.4073 -3.88755 1.6 0.0548877 0.0 0.0
tween 0.0416667
PosEuler 1.46841 -3.8892 1.6 0.0547811 1.19209e-007 0.0
tween 0.0416667
PosEuler 1.52952 -3.89081 1.6 0.0546622 1.19209e-007 0.0
tween 0.0416667
PosEuler 1.59063 -3.8924 1.6 0.0545315 1.19209e-007 0.0
tween 0.0416667
PosEuler 1.65174 -3.89395 1.6 0.054388 0.0 0.0
tween 0.0416667
PosEuler 1.71284 -3.89546 1.6 0.054231 0.0 0.0
tween 0.0416667
PosEuler 1.77395 -3.89693 1.6 0.0540604 0.0 0.0
tween 0.0416667
PosEuler 1.83506 -3.89836 1.6 0.0538755 1.19209e-007 0.0
tween 0.0416667
PosEuler 1.89618 -3.89975 1.6 0.0536746 0.0 0.0
tween 0.0416667
PosEuler 1.95729 -3.90109 1.6 0.0534586 1.19209e-007 0.0
tween 0.0416667
PosEuler 2.0184 -3.90238 1.6 0.0532266 1.19209e-007 0.0
tween 0.0416667
PosEuler 2.07952 -3.90362 1.6 0.052977 0.0 0.0
tween 0.0416667
PosEuler 2.14064 -3.9048 1.6 0.0527106 2.38419e-007 0.0
tween 0.0416667
PosEuler 2.20176 -3.90594 1.6 0.0524254 1.19209e-007 0.0
tween 0.0416667
PosEuler 2.26287 -3.90701 1.6 0.0521221 1.19209e-007 0.0
tween 0.0416667
PosEuler 2.32399 -3.90803 1.6 0.0517993 1.19209e-007 0.0
tween 0.0416667
PosEuler 2.38512 -3.90899 1.6 0.051457 0.0 0.0
tween 0.0416667
PosEuler 2.44623 -3.90988 1.6 0.0510936 0.0 0.0
tween 0.0416667
PosEuler 2.50736 -3.9107 1.6 0.0507096 0.0 0.0
tween 0.0416667
PosEuler 2.56848 -3.91144 1.6 0.050304 0.0 0.0
tween 0.0416667
PosEuler 2.62961 -3.91212 1.6 0.0498758 0.0 0.0
tween 0.0416667
PosEuler 2.69073 -3.91272 1.6 0.0494251 1.19209e-007 0.0
tween 0.0416667
PosEuler 2.75185 -3.91324 1.6 0.0489506 0.0 0.0
tween 0.0416667
PosEuler 2.81299 -3.91368 1.6 0.0484525 1.19209e-007 0.0
tween 0.0416667
PosEuler 2.87411 -3.91404 1.6 0.0479296 0.0 0.0
tween 0.0416667
PosEuler 2.93524 -3.91437 1.6 0.0473818 1.19209e-007 0.0
tween 0.0416667
PosEuler 2.99636 -3.91475 1.6 0.0468078 1.19209e-007 0.0
tween 0.0416667
PosEuler 3.05749 -3.91518 1.6 0.0462079 0.0 0.0
tween 0.0416667
PosEuler 3.11861 -3.91565 1.6 0.0455804 0.0 0.0
tween 0.0416667
PosEuler 3.17974 -3.91616 1.6 0.0449256 2.38419e-007 0.0
tween 0.0416667
PosEuler 3.24087 -3.91671 1.6 0.0442428 0.0 0.0
tween 0.0416667
PosEuler 3.30199 -3.9173 1.6 0.0435315 1.19209e-007 0.0
tween 0.0416667
PosEuler 3.36312 -3.91791 1.6 0.0427905 1.19209e-007 0.0
tween 0.0416667
PosEuler 3.42424 -3.91857 1.6 0.0420193 1.19209e-007 0.0
tween 0.0416667
PosEuler 3.48537 -3.91924 1.6 0.0412182 1.19209e-007 0.0
tween 0.0416667
PosEuler 3.54649 -3.91995 1.6 0.0403856 0.0 0.0
tween 0.0416667
PosEuler 3.60761 -3.92068 1.6 0.0395214 0.0 0.0
tween 0.0416667
PosEuler 3.66874 -3.92142 1.6 0.0386247 2.38419e-007 0.0
tween 0.0416667
PosEuler 3.72986 -3.92219 1.6 0.0376954 1.19209e-007 0.0
tween 0.0416667
PosEuler 3.79098 -3.92297 1.6 0.0367324 0.0 0.0
tween 0.0416667
PosEuler 3.85211 -3.92377 1.6 0.0357356 0.0 0.0
tween 0.0416667
PosEuler 3.91323 -3.92457 1.6 0.0347037 1.19209e-007 0.0
tween 0.0416667
PosEuler 3.97435 -3.92539 1.6 0.0336366 0.0 0.0
tween 0.0416667
PosEuler 4.03548 -3.92621 1.6 0.0325341 0.0 0.0
tween 0.0416667
PosEuler 4.0966 -3.92704 1.6 0.0313944 0.0 0.0
tween 0.0416667
PosEuler 4.15772 -3.92788 1.6 0.030218 1.19209e-007 0.0
tween 0.0416667
PosEuler 4.21885 -3.92871 1.6 0.0290047 1.19209e-007 0.0
tween 0.0416667
PosEuler 4.27997 -3.92955 1.6 0.0277524 1.19209e-007 0.0
tween 0.0416667
PosEuler 4.34109 -3.93038 1.6 0.0264611 1.19209e-007 0.0
tween 0.0416667
PosEuler 4.40221 -3.93121 1.6 0.0251307 0.0 0.0
tween 0.0416667
PosEuler 4.46333 -3.93203 1.6 0.0237604 1.19209e-007 0.0
tween 0.0416667
PosEuler 4.52446 -3.93285 1.6 0.0222749 0.0 0.0
tween 0.0416667
PosEuler 4.58558 -3.93365 1.6 0.0205971 1.19209e-007 0.0
tween 0.0416667
PosEuler 4.6467 -3.93445 1.6 0.0187187 1.19209e-007 0.0
tween 0.0416667
PosEuler 4.70782 -3.93523 1.6 0.0166348 0.0 0.0
tween 0.0416667
PosEuler 4.76895 -3.93599 1.6 0.0143385 0.0 0.0
tween 0.0416667
PosEuler 4.83007 -3.93674 1.6 0.0118231 1.19209e-007 0.0
tween 0.0416667
PosEuler 4.89119 -3.93747 1.6 0.00908217 0.0 0.0
tween 0.0416667
PosEuler 4.95232 -3.93817 1.6 0.00611011 0.0 0.0
tween 0.0416667
PosEuler 5.01344 -3.93886 1.6 0.00289965 0.0 0.0
tween 0.0416667
PosEuler 5.07457 -3.93952 1.6 -0.000556111 0.0 0.0
tween 0.0416667
PosEuler 5.13569 -3.94015 1.6 -0.00426201 0.0 0.0
tween 0.0416667
PosEuler 5.19682 -3.94075 1.6 -0.00822541 0.0 0.0
tween 0.0416667
PosEuler 5.25794 -3.94133 1.6 -0.0124527 0.0 0.0
tween 0.0416667
PosEuler 5.31907 -3.94187 1.6 -0.0169487 0.0 0.0
tween 0.0416667
PosEuler 5.38019 -3.94237 1.6 -0.0217204 1.19209e-007 0.0
tween 0.0416667
PosEuler 5.44132 -3.94284 1.6 -0.0267734 0.0 0.0
tween 0.0416667
PosEuler 5.50245 -3.94326 1.6 -0.0321131 0.0 0.0
tween 0.0416667
PosEuler 5.56357 -3.94365 1.6 -0.0377452 0.0 0.0
tween 0.0416667
PosEuler 5.6247 -3.94399 1.6 -0.0436745 1.19209e-007 0.0
tween 0.0416667
PosEuler 5.68583 -3.94428 1.6 -0.0499068 0.0 0.0
tween 0.0416667
PosEuler 5.74696 -3.94453 1.6 -0.0564461 0.0 0.0
tween 0.0416667
PosEuler 5.80808 -3.94472 1.6 -0.0632973 0.0 0.0
tween 0.0416667
PosEuler 5.86921 -3.94486 1.6 -0.0704646 0.0 0.0
tween 0.0416667
PosEuler 5.93034 -3.94494 1.6 -0.0779519 0.0 0.0
tween 0.0416667
PosEuler 5.99146 -3.94496 1.6 -0.0857629 0.0 0.0
tween 0.0416667
PosEuler 6.0526 -3.94492 1.6 -0.0939012 1.19209e-007 0.0
tween 0.0416667
PosEuler 6.11372 -3.94481 1.6 -0.102369 1.19209e-007 0.0
tween 0.0416667
PosEuler 6.17485 -3.94463 1.6 -0.11117 0.0 0.0
tween 0.0416667
PosEuler 6.23598 -3.94439 1.6 -0.120306 1.19209e-007 0.0
tween 0.0416667
PosEuler 6.2971 -3.94406 1.6 -0.12978 2.38419e-007 0.0
tween 0.0416667
PosEuler 6.35823 -3.94366 1.6 -0.139592 1.19209e-007 0.0
tween 0.0416667
PosEuler 6.41936 -3.94317 1.6 -0.149744 0.0 0.0
tween 0.0416667
PosEuler 6.48048 -3.94259 1.6 -0.160236 0.0 0.0
tween 0.0416667
PosEuler 6.5416 -3.94192 1.6 -0.171071 2.38419e-007 0.0
tween 0.0416667
PosEuler 6.60273 -3.94116 1.6 -0.182246 0.0 0.0
tween 0.0416667
PosEuler 6.66385 -3.9403 1.6 -0.193763 0.0 0.0
tween 0.0416667
PosEuler 6.72497 -3.93933 1.6 -0.20562 0.0 0.0
tween 0.0416667
PosEuler 6.78609 -3.93825 1.6 -0.217817 0.0 0.0
tween 0.0416667
PosEuler 6.84721 -3.93705 1.6 -0.230353 0.0 0.0
tween 0.0416667
PosEuler 6.90832 -3.93573 1.6 -0.243225 1.19209e-007 0.0
tween 0.0416667
PosEuler 6.96943 -3.93428 1.6 -0.256432 0.0 0.0
tween 0.0416667
PosEuler 7.03054 -3.9327 1.6 -0.269972 0.0 0.0
tween 0.0416667
PosEuler 7.09165 -3.93098 1.6 -0.283841 0.0 0.0
tween 0.0416667
PosEuler 7.15275 -3.9291 1.6 -0.298038 0.0 0.0
tween 0.0416667
PosEuler 7.21384 -3.92706 1.6 -0.312558 0.0 0.0
tween 0.0416667
PosEuler 7.27493 -3.92486 1.6 -0.327399 0.0 0.0
tween 0.0416667
PosEuler 7.33601 -3.9225 1.6 -0.342557 0.0 0.0
tween 0.0416667
PosEuler 7.39708 -3.91992 1.6 -0.358027 0.0 0.0
tween 0.0416667
PosEuler 7.45815 -3.91715 1.6 -0.373807 0.0 0.0
tween 0.0416667
PosEuler 7.5192 -3.91418 1.6 -0.38989 0.0 0.0
tween 0.0416667
PosEuler 7.58024 -3.91098 1.6 -0.406273 1.19209e-007 0.0
tween 0.0416667
PosEuler 7.64128 -3.90753 1.6 -0.422952 0.0 0.0
tween 0.0416667
PosEuler 7.70229 -3.90385 1.6 -0.439921 1.19209e-007 0.0
tween 0.0416667
PosEuler 7.76329 -3.89987 1.6 -0.457176 1.19209e-007 0.0
tween 0.0416667
PosEuler 7.82427 -3.8956 1.6 -0.47471 2.38419e-007 0.0
tween 0.0416667
PosEuler 7.88523 -3.89102 1.6 -0.492521 1.19209e-007 0.0
tween 0.0416667
PosEuler 7.94616 -3.88609 1.6 -0.510601 0.0 0.0
tween 0.0416667
PosEuler 8.00705 -3.88081 1.6 -0.528946 2.38419e-007 0.0
tween 0.0416667
PosEuler 8.06792 -3.87509 1.6 -0.547551 0.0 0.0
tween 0.0416667
PosEuler 8.12873 -3.86896 1.6 -0.566409 1.19209e-007 0.0
tween 0.0416667
PosEuler 8.1895 -3.86234 1.6 -0.585515 0.0 0.0
tween 0.0416667
PosEuler 8.25024 -3.85546 1.6 -0.604866 0.0 0.0
tween 0.0416667
PosEuler 8.31099 -3.84864 1.6 -0.624453 0.0 0.0
tween 0.0416667
PosEuler 8.37175 -3.84192 1.6 -0.644273 1.19209e-007 0.0
tween 0.0416667
PosEuler 8.43251 -3.83526 1.6 -0.66432 1.19209e-007 0.0
tween 0.0416667
PosEuler 8.49328 -3.82865 1.6 -0.684588 0.0 0.0
tween 0.0416667
PosEuler 8.55405 -3.82206 1.6 -0.705071 0.0 0.0
tween 0.0416667
PosEuler 8.61483 -3.81547 1.6 -0.725766 0.0 0.0
tween 0.0416667
PosEuler 8.67559 -3.80885 1.6 -0.746666 0.0 0.0
tween 0.0416667
PosEuler 8.73635 -3.80216 1.6 -0.767766 1.19209e-007 0.0
tween 0.0416667
PosEuler 8.7971 -3.79535 1.6 -0.789061 1.19209e-007 0.0
tween 0.0416667
PosEuler 8.85783 -3.7884 1.6 -0.810546 1.19209e-007 0.0
tween 0.0416667
PosEuler 8.91854 -3.78124 1.6 -0.832216 0.0 0.0
tween 0.0416667
PosEuler 8.97922 -3.77382 1.6 -0.854066 1.19209e-007 0.0
tween 0.0416667
PosEuler 9.03985 -3.76606 1.6 -0.876091 0.0 0.0
tween 0.0416667
PosEuler 9.10043 -3.75789 1.6 -0.898286 0.0 0.0
tween 0.0416667
PosEuler 9.16094 -3.74923 1.6 -0.920647 1.19209e-007 0.0
tween 0.0416667
PosEuler 9.22136 -3.73997 1.6 -0.943169 1.19209e-007 0.0
tween 0.0416667
PosEuler 9.28167 -3.72999 1.6 -0.965847 2.38419e-007 0.0
tween 0.0416667
PosEuler 9.34183 -3.71919 1.6 -0.988677 1.19209e-007 0.0
tween 0.0416667
PosEuler 9.40181 -3.70738 1.6 -1.01166 0.0 0.0
tween 0.0416667
PosEuler 9.46155 -3.69441 1.6 -1.03478 0.0 0.0
tween 0.0416667
PosEuler 9.52098 -3.68011 1.6 -1.05804 1.19209e-007 0.0
tween 0.0416667
PosEuler 9.58002 -3.66427 1.6 -1.08143 1.19209e-007 0.0
tween 0.0416667
PosEuler 9.63855 -3.64666 1.6 -1.10496 2.38419e-007 0.0
tween 0.0416667
PosEuler 9.69644 -3.62705 1.6 -1.12862 1.19209e-007 0.0
tween 0.0416667
PosEuler 9.75352 -3.60519 1.6 -1.15239 2.38419e-007 0.0
tween 0.0416667
PosEuler 9.8096 -3.58087 1.6 -1.17629 -1.19209e-007 0.0
tween 0.0416667
PosEuler 9.86445 -3.5539 1.6 -1.20031 1.19209e-007 0.0
tween 0.0416667
PosEuler 9.91783 -3.52414 1.6 -1.22444 0.0 0.0
tween 0.0416667
PosEuler 9.96951 -3.4915 1.6 -1.24867 1.19209e-007 0.0
tween 0.0416667
PosEuler 10.0192 -3.45591 1.6 -1.27302 1.19209e-007 0.0
tween 0.0416667
PosEuler 10.0668 -3.41752 1.6 -1.29746 0.0 0.0
tween 0.0416667
PosEuler 10.112 -3.37647 1.6 -1.32201 -1.19209e-007 0.0
tween 0.0416667
PosEuler 10.155 -3.33295 1.6 -1.34665 0.0 0.0
tween 0.0416667
PosEuler 10.1955 -3.2872 1.6 -1.37114 0.0 0.0
tween 0.0416667
PosEuler 10.2337 -3.2395 1.6 -1.39523 1.19209e-007 0.0
tween 0.0416667
PosEuler 10.2697 -3.19011 1.6 -1.41893 0.0 0.0
tween 0.0416667
PosEuler 10.3036 -3.13925 1.6 -1.44224 0.0 0.0
tween 0.0416667
PosEuler 10.3356 -3.08715 1.6 -1.46518 0.0 0.0
tween 0.0416667
PosEuler 10.3658 -3.03404 1.6 -1.48774 1.19209e-007 0.0
tween 0.0416667
PosEuler 10.3947 -2.98014 1.6 -1.50994 1.19209e-007 0.0
tween 0.0416667
PosEuler 10.422 -2.92545 1.6 -1.53178 1.19209e-007 0.0
tween 0.0416667
PosEuler 10.4477 -2.87001 1.6 -1.55326 0.0 0.0
tween 0.0416667
PosEuler 10.4717 -2.81381 1.6 -1.5744 2.38419e-007 0.0
tween 0.0416667
PosEuler 10.494 -2.75687 1.6 -1.5952 0.0 0.0
tween 0.0416667
PosEuler 10.5143 -2.69922 1.6 -1.61566 0.0 0.0
tween 0.0416667
PosEuler 10.5326 -2.6409 1.6 -1.63579 2.38419e-007 0.0
tween 0.0416667
PosEuler 10.5488 -2.58197 1.6 -1.65559 -1.19209e-007 0.0
tween 0.0416667
PosEuler 10.5629 -2.52249 1.6 -1.67508 0.0 0.0
tween 0.0416667
PosEuler 10.5747 -2.46253 1.6 -1.69425 1.19209e-007 0.0
tween 0.0416667
PosEuler 10.5843 -2.40216 1.6 -1.71311 1.19209e-007 0.0
tween 0.0416667
PosEuler 10.5904 -2.35405 1.6 -1.73167 1.19209e-007 0.0
tween 0.0416667
PosEuler 10.5949 -2.30579 1.6 -1.74992 0.0 0.0
tween 0.0416667
PosEuler 10.5981 -2.25741 1.6 -1.76789 0.0 0.0
tween 0.0416667
PosEuler 10.5999 -2.20896 1.6 -1.78556 0.0 0.0
tween 0.0416667
PosEuler 10.6004 -2.16048 1.6 -1.80294 -1.19209e-007 0.0
tween 0.0416667
PosEuler 10.5995 -2.11201 1.6 -1.82004 1.19209e-007 0.0
tween 0.0416667
PosEuler 10.5974 -2.06357 1.6 -1.83686 2.38419e-007 0.0
tween 0.0416667
PosEuler 10.594 -2.01521 1.6 -1.85341 1.19209e-007 0.0
tween 0.0416667
PosEuler 10.5896 -1.96867 1.6 -1.86969 0.0 0.0
tween 0.0416667
PosEuler 10.5842 -1.92224 1.6 -1.8857 2.38419e-007 0.0
tween 0.0416667
PosEuler 10.5778 -1.87593 1.6 -1.90145 0.0 0.0
tween 0.0416667
PosEuler 10.5705 -1.82977 1.6 -1.91695 1.19209e-007 0.0
tween 0.0416667
PosEuler 10.5623 -1.78375 1.6 -1.93219 2.38419e-007 0.0
tween 0.0416667
PosEuler 10.5532 -1.73789 1.6 -1.94718 1.19209e-007 0.0
tween 0.0416667
PosEuler 10.5434 -1.6922 1.6 -1.96192 1.19209e-007 0.0
tween 0.0416667
PosEuler 10.5328 -1.64667 1.6 -1.97642 1.19209e-007 0.0
tween 0.0416667
PosEuler 10.5231 -1.60744 1.6 -1.99067 1.19209e-007 0.0
tween 0.0416667
PosEuler 10.5129 -1.56832 1.6 -2.0047 2.38419e-007 0.0
tween 0.0416667
PosEuler 10.5023 -1.52934 1.6 -2.01849 1.19209e-007 0.0
tween 0.0416667
PosEuler 10.4912 -1.49048 1.6 -2.03204 2.38419e-007 0.0
tween 0.0416667
PosEuler 10.4797 -1.45173 1.6 -2.04538 2.38419e-007 0.0
tween 0.0416667
PosEuler 10.4679 -1.4131 1.6 -2.05849 1.19209e-007 0.0
tween 0.0416667
PosEuler 10.4557 -1.37457 1.6 -2.07138 0.0 0.0
tween 0.0416667
PosEuler 10.4431 -1.33616 1.6 -2.08405 2.38419e-007 0.0
tween 0.0416667
PosEuler 10.432 -1.30278 1.6 -2.0965 0.0 0.0
tween 0.0416667
PosEuler 10.4206 -1.26948 1.6 -2.10875 0.0 0.0
tween 0.0416667
PosEuler 10.409 -1.23625 1.6 -2.12079 1.19209e-007 0.0
tween 0.0416667
PosEuler 10.3972 -1.20309 1.6 -2.13262 1.19209e-007 0.0
tween 0.0416667
PosEuler 10.3852 -1.17 1.6 -2.14425 0.0 0.0
tween 0.0416667
PosEuler 10.373 -1.13697 1.6 -2.15568 0.0 0.0
tween 0.0416667
PosEuler 10.3607 -1.104 1.6 -2.16692 1.19209e-007 0.0
tween 0.0416667
PosEuler 10.3483 -1.07109 1.6 -2.17796 1.19209e-007 0.0
tween 0.0416667
PosEuler 10.3352 -1.03716 1.6 -2.18881 1.19209e-007 0.0
tween 0.0416667
PosEuler 10.322 -1.0033 1.6 -2.19947 1.19209e-007 0.0
tween 0.0416667
PosEuler 10.305 -0.971266 1.6 -2.20994 1.19209e-007 0.0
tween 0.0416667
PosEuler 10.2831 -0.942335 1.6 -2.22023 1.19209e-007 0.0
tween 0.0416667
PosEuler 10.2577 -0.916361 1.6 -2.23034 1.19209e-007 0.0
tween 0.0416667
PosEuler 10.2299 -0.892986 1.6 -2.24027 1.19209e-007 0.0
tween 0.0416667
PosEuler 10.204 -0.874314 1.6 -2.25002 1.19209e-007 0.0
tween 0.0416667
PosEuler 10.1772 -0.856987 1.6 -2.2596 1.19209e-007 0.0
tween 0.0416667
PosEuler 10.1497 -0.840754 1.6 -2.26902 2.38419e-007 0.0
tween 0.0416667
PosEuler 10.1217 -0.825476 1.6 -2.27826 1.19209e-007 0.0
tween 0.0416667
PosEuler 10.093 -0.811377 1.6 -2.28733 1.19209e-007 0.0
tween 0.0416667
PosEuler 10.0641 -0.797875 1.6 -2.29624 0.0 0.0
tween 0.0416667
PosEuler 10.0349 -0.784932 1.6 -2.30499 1.19209e-007 0.0
tween 0.0416667
PosEuler 10.0092 -0.774454 1.6 -2.31359 0.0 0.0
tween 0.0416667
PosEuler 9.98343 -0.764061 1.6 -2.32202 0.0 0.0
tween 0.0416667
PosEuler 9.95743 -0.754393 1.6 -2.3303 0.0 0.0
tween 0.0416667
PosEuler 9.9314 -0.74474 1.6 -2.33843 1.19209e-007 0.0
tween 0.0416667
PosEuler 9.90515 -0.735731 1.6 -2.34641 1.19209e-007 0.0
tween 0.0416667
PosEuler 9.87889 -0.72672 1.6 -2.35424 0.0 0.0
tween 0.0416667
PosEuler 9.85246 -0.718257 1.6 -2.36192 1.19209e-007 0.0
tween 0.0416667
PosEuler 9.82906 -0.710807 1.6 -2.36946 1.19209e-007 0.0
tween 0.0416667
PosEuler 9.80559 -0.70362 1.6 -2.37686 0.0 0.0
tween 0.0416667
PosEuler 9.78205 -0.696639 1.6 -2.38412 0.0 0.0
tween 0.0416667
PosEuler 9.7585 -0.689658 1.6 -2.39125 1.19209e-007 0.0
tween 0.0416667
PosEuler 9.73485 -0.68308 1.6 -2.39824 0.0 0.0
tween 0.0416667
PosEuler 9.71119 -0.676521 1.6 -2.4051 0.0 0.0
tween 0.0416667
PosEuler 9.69016 -0.670745 1.6 -2.41182 0.0 0.0
tween 0.0416667
PosEuler 9.66905 -0.665259 1.6 -2.41842 -1.19209e-007 0.0
tween 0.0416667
PosEuler 9.64794 -0.659772 1.6 -2.4249 0.0 0.0
tween 0.0416667
PosEuler 9.62683 -0.654286 1.6 -2.43125 1.19209e-007 0.0
tween 0.0416667
PosEuler 9.60565 -0.649097 1.6 -2.43748 1.19209e-007 0.0
tween 0.0416667
PosEuler 9.58446 -0.643918 1.6 -2.44359 0.0 0.0
tween 0.0416667
PosEuler 9.56327 -0.638739 1.6 -2.44958 0.0 0.0
tween 0.0416667
PosEuler 9.54204 -0.633749 1.6 -2.45546 0.0 0.0
tween 0.0416667
PosEuler 9.52289 -0.629337 1.6 -2.46122 1.19209e-007 0.0
tween 0.0416667
PosEuler 9.50374 -0.624923 1.6 -2.46687 0.0 0.0
tween 0.0416667
PosEuler 9.48459 -0.620509 1.6 -2.47242 0.0 0.0
tween 0.0416667
PosEuler 9.46906 -0.617117 1.6 -2.47786 0.0 0.0
tween 0.0416667
PosEuler 9.45354 -0.613737 1.6 -2.48319 0.0 0.0
tween 0.0416667
PosEuler 9.43802 -0.610355 1.6 -2.48842 0.0 0.0
tween 0.0416667
PosEuler 9.42249 -0.606974 1.6 -2.49356 0.0 0.0
tween 0.0416667
PosEuler 9.41176 -0.604638 1.6 -2.49859 2.38419e-007 0.0
tween 0.0416667
PosEuler 9.40102 -0.602386 1.6 -2.50353 1.19209e-007 0.0
tween 0.0416667
PosEuler 9.39027 -0.600168 1.6 -2.50838 1.19209e-007 0.0
tween 0.0416667
PosEuler 9.37951 -0.59795 1.6 -2.51314 1.19209e-007 0.0
tween 0.0416667
PosEuler 9.3726 -0.596523 1.6 -2.5178 1.19209e-007 0.0
tween 0.0416667
PosEuler 9.36569 -0.595098 1.6 -2.52239 2.38419e-007 0.0
tween 0.0416667
PosEuler 9.35877 -0.593672 1.6 -2.52688 0.0 0.0
tween 0.0416667
PosEuler 9.35186 -0.592246 1.6 -2.5313 1.19209e-007 0.0
tween 0.0416667
PosEuler 9.34495 -0.59082 1.6 -2.53564 0.0 0.0
tween 0.0416667
PosEuler 9.34004 -0.589809 1.6 -2.5399 1.19209e-007 0.0
tween 0.0416667
PosEuler 9.33514 -0.588796 1.6 -2.54409 1.19209e-007 0.0
tween 0.0416667
PosEuler 9.33023 -0.587793 1.6 -2.54821 0.0 0.0
tween 0.0416667
PosEuler 9.32615 -0.586993 1.6 -2.55226 1.19209e-007 0.0
tween 0.0416667
PosEuler 9.32206 -0.586193 1.6 -2.55624 1.19209e-007 0.0
tween 0.0416667
PosEuler 9.31797 -0.585393 1.6 -2.56016 0.0 0.0
tween 0.0416667
PosEuler 9.31556 -0.584921 1.6 -2.56402 0.0 0.0
tween 0.0416667
PosEuler 9.31315 -0.584449 1.6 -2.56783 0.0 0.0
tween 0.0416667
PosEuler 9.31074 -0.583978 1.6 -2.57158 0.0 0.0
tween 0.0416667
PosEuler 9.30833 -0.583506 1.6 -2.57527 1.19209e-007 0.0
tween 0.0416667
PosEuler 9.30663 -0.583173 1.6 -2.57892 0.0 0.0
tween 0.0416667
PosEuler 9.30493 -0.582841 1.6 -2.58252 0.0 0.0
tween 0.0416667
PosEuler 9.30323 -0.582508 1.6 -2.58608 0.0 0.0
tween 0.0416667
PosEuler 9.30153 -0.582175 1.6 -2.58961 0.0 0.0
tween 0.0416667
PosEuler 9.30071 -0.582015 1.6 -2.59309 0.0 0.0
tween 0.0416667
PosEuler 9.29989 -0.581855 1.6 -2.59655 0.0 0.0
tween 0.0416667
PosEuler 9.29907 -0.581694 1.6 -2.59997 0.0 0.0
tween 0.0416667
PosEuler 9.29826 -0.581535 1.6 -2.60338 1.19209e-007 0.0
tween 0.0416667
PosEuler 9.29743 -0.581373 1.6 -2.60669 1.19209e-007 0.0
tween 0.0416667
PosEuler 9.29662 -0.581213 1.6 -2.60987 0.0 0.0
tween 0.0416667
PosEuler 9.29611 -0.581114 1.6 -2.61291 1.19209e-007 0.0
tween 0.0416667
PosEuler 9.2956 -0.581015 1.6 -2.61581 1.19209e-007 0.0
tween 0.0416667
PosEuler 9.2951 -0.580916 1.6 -2.61858 0.0 0.0
tween 0.0416667
PosEuler 9.29459 -0.580817 1.6 -2.62123 2.38419e-007 0.0
tween 0.0416667
PosEuler 9.29409 -0.580719 1.6 -2.62377 1.19209e-007 0.0
tween 0.0416667
PosEuler 9.29359 -0.58062 1.6 -2.62618 1.19209e-007 0.0
tween 0.0416667
PosEuler 9.29308 -0.580521 1.6 -2.62849 0.0 0.0
tween 0.0416667
PosEuler 9.29258 -0.580423 1.6 -2.63069 2.38419e-007 0.0
tween 0.0416667
PosEuler 9.29207 -0.580323 1.6 -2.6328 0.0 0.0
tween 0.0416667
PosEuler 9.29157 -0.580225 1.6 -2.63481 0.0 0.0
tween 0.0416667
PosEuler 9.29106 -0.580126 1.6 -2.63672 0.0 0.0
tween 0.0416667
PosEuler 9.29055 -0.580026 1.6 -2.63856 0.0 0.0
tween 0.0416667
PosEuler 9.29005 -0.579928 1.6 -2.64031 0.0 0.0
tween 0.0416667
PosEuler 9.28954 -0.579829 1.6 -2.64199 0.0 0.0
tween 0.0416667
PosEuler 9.28904 -0.57973 1.6 -2.64359 2.38419e-007 0.0
tween 0.0416667
PosEuler 9.28853 -0.579631 1.6 -2.64514 1.19209e-007 0.0
tween 0.0416667
PosEuler 9.28803 -0.579533 1.6 -2.64661 0.0 0.0
tween 0.0416667
PosEuler 9.28753 -0.579434 1.6 -2.64804 0.0 0.0
tween 0.0416667
PosEuler 9.28702 -0.579335 1.6 -2.64941 0.0 0.0
tween 0.0416667
PosEuler 9.28651 -0.579236 1.6 -2.65073 0.0 0.0
tween 0.0416667
PosEuler 9.28601 -0.579137 1.6 -2.65202 0.0 0.0
tween 0.0416667
PosEuler 9.2855 -0.579038 1.6 -2.65326 0.0 0.0
tween 0.0416667
PosEuler 9.285 -0.578939 1.6 -2.65447 2.38419e-007 0.0
tween 0.0416667
PosEuler 9.2845 -0.578841 1.6 -2.65566 0.0 0.0
tween 0.0416667
PosEuler 9.28399 -0.578742 1.6 -2.65682 1.19209e-007 0.0
tween 0.0416667
PosEuler 9.28348 -0.578643 1.6 -2.65797 0.0 0.0
tween 0.0416667
PosEuler 9.28298 -0.578544 1.6 -2.6591 0.0 0.0
tween 0.0416667
PosEuler 9.28247 -0.578445 1.6 -2.66023 0.0 0.0
tween 0.0416667
PosEuler 9.28197 -0.578346 1.6 -2.66135 2.38419e-007 0.0
tween 0.0416667
PosEuler 9.28118 -0.578192 1.6 -2.66247 1.19209e-007 0.0
tween 0.0416667
PosEuler 9.2804 -0.578039 1.6 -2.6636 0.0 0.0
tween 0.0416667
PosEuler 9.27961 -0.577885 1.6 -2.66474 0.0 0.0
tween 0.0416667
PosEuler 9.27883 -0.577731 1.6 -2.66589 1.19209e-007 0.0
tween 0.0416667
PosEuler 9.27804 -0.577578 1.6 -2.66707 1.19209e-007 0.0
tween 0.0416667
PosEuler 9.27691 -0.577357 1.6 -2.66827 1.19209e-007 0.0
tween 0.0416667
PosEuler 9.27578 -0.577136 1.6 -2.6695 0.0 0.0
tween 0.0416667
PosEuler 9.27465 -0.576914 1.6 -2.67077 1.19209e-007 0.0
tween 0.0416667
PosEuler 9.27353 -0.576694 1.6 -2.67208 1.19209e-007 0.0
tween 0.0416667
PosEuler 9.27138 -0.576274 1.6 -2.67343 1.19209e-007 0.0
tween 0.0416667
PosEuler 9.26923 -0.575853 1.6 -2.67483 1.19209e-007 0.0
tween 0.0416667
PosEuler 9.26707 -0.575431 1.6 -2.67629 1.19209e-007 0.0
tween 0.0416667
PosEuler 9.26405 -0.57484 1.6 -2.67781 1.19209e-007 0.0
tween 0.0416667
PosEuler 9.26103 -0.574247 1.6 -2.67939 2.38419e-007 0.0
tween 0.0416667
PosEuler 9.258 -0.573655 1.6 -2.68104 0.0 0.0
tween 0.0416667
PosEuler 9.25447 -0.572965 1.6 -2.68276 2.38419e-007 0.0
tween 0.0416667
PosEuler 9.25094 -0.572272 1.6 -2.68456 0.0 0.0
tween 0.0416667
PosEuler 9.2474 -0.571615 1.6 -2.68644 0.0 0.0
tween 0.0416667
PosEuler 9.24386 -0.570956 1.6 -2.68842 0.0 0.0
tween 0.0416667
PosEuler 9.23892 -0.570037 1.6 -2.69048 0.0 0.0
tween 0.0416667
PosEuler 9.23398 -0.569118 1.6 -2.69265 0.0 0.0
tween 0.0416667
PosEuler 9.22904 -0.568199 1.6 -2.69491 0.0 0.0
tween 0.0416667
PosEuler 9.2241 -0.567279 1.6 -2.69729 2.38419e-007 0.0
tween 0.0416667
PosEuler 9.21791 -0.566127 1.6 -2.69977 0.0 0.0
tween 0.0416667
PosEuler 9.21171 -0.564974 1.6 -2.70238 1.19209e-007 0.0
tween 0.0416667
PosEuler 9.20553 -0.563823 1.6 -2.7051 1.19209e-007 0.0
tween 0.0416667
PosEuler 9.1982 -0.562461 1.6 -2.70796 0.0 0.0
tween 0.0416667
PosEuler 9.19088 -0.561097 1.6 -2.71094 1.19209e-007 0.0
tween 0.0416667
PosEuler 9.18355 -0.559734 1.6 -2.71406 -1.19209e-007 0.0
tween 0.0416667
PosEuler 9.17104 -0.557407 1.6 -2.71732 0.0 0.0
tween 0.0416667
PosEuler 9.15851 -0.555164 1.6 -2.72073 0.0 0.0
tween 0.0416667
PosEuler 9.14598 -0.552944 1.6 -2.72429 1.19209e-007 0.0
tween 0.0416667
PosEuler 9.13345 -0.550723 1.6 -2.728 0.0 0.0
tween 0.0416667
PosEuler 9.11533 -0.547513 1.6 -2.73201 1.19209e-007 0.0
tween 0.0416667
PosEuler 9.09721 -0.544302 1.6 -2.73643 0.0 0.0
tween 0.0416667
PosEuler 9.07908 -0.541129 1.6 -2.74125 0.0 0.0
tween 0.0416667
PosEuler 9.05933 -0.537793 1.6 -2.74644 0.0 0.0
tween 0.0416667
PosEuler 9.03958 -0.534455 1.6 -2.75199 0.0 0.0
tween 0.0416667
PosEuler 9.01984 -0.531119 1.6 -2.75786 0.0 0.0
tween 0.0416667
PosEuler 9.00009 -0.527783 1.6 -2.76405 0.0 0.0
tween 0.0416667
PosEuler 8.98032 -0.524568 1.6 -2.77054 1.19209e-007 0.0
tween 0.0416667
PosEuler 8.96055 -0.521377 1.6 -2.77729 -1.19209e-007 0.0
tween 0.0416667
PosEuler 8.93677 -0.51754 1.6 -2.7843 0.0 0.0
tween 0.0416667
PosEuler 8.913 -0.513704 1.6 -2.79153 1.19209e-007 0.0
tween 0.0416667
PosEuler 8.8892 -0.509995 1.6 -2.79898 0.0 0.0
tween 0.0416667
PosEuler 8.8654 -0.506321 1.6 -2.80662 0.0 0.0
tween 0.0416667
PosEuler 8.8416 -0.502648 1.6 -2.81442 0.0 0.0
tween 0.0416667
PosEuler 8.81779 -0.498974 1.6 -2.82238 1.19209e-007 0.0
tween 0.0416667
PosEuler 8.78786 -0.494544 1.6 -2.83046 0.0 0.0
tween 0.0416667
PosEuler 8.75792 -0.490119 1.6 -2.83866 1.19209e-007 0.0
tween 0.0416667
PosEuler 8.72798 -0.485694 1.6 -2.84694 0.0 0.0
tween 0.0416667
PosEuler 8.69802 -0.481424 1.6 -2.85528 1.19209e-007 0.0
tween 0.0416667
PosEuler 8.66805 -0.477179 1.6 -2.86368 0.0 0.0
tween 0.0416667
PosEuler 8.63809 -0.472934 1.6 -2.8721 1.19209e-007 0.0
tween 0.0416667
PosEuler 8.60752 -0.468725 1.6 -2.88053 0.0 0.0
tween 0.0416667
PosEuler 8.57693 -0.464565 1.6 -2.88894 0.0 0.0
tween 0.0416667
PosEuler 8.54635 -0.460406 1.6 -2.89731 0.0 0.0
tween 0.0416667
PosEuler 8.51576 -0.456334 1.6 -2.90564 0.0 0.0
tween 0.0416667
PosEuler 8.48515 -0.452335 1.6 -2.91388 0.0 0.0
tween 0.0416667
PosEuler 8.45455 -0.448337 1.6 -2.92203 0.0 0.0
tween 0.0416667
PosEuler 8.42393 -0.444387 1.6 -2.93006 1.19209e-007 0.0
tween 0.0416667
PosEuler 8.39331 -0.440539 1.6 -2.93796 1.19209e-007 0.0
tween 0.0416667
PosEuler 8.35598 -0.435848 1.6 -2.9457 1.19209e-007 0.0
tween 0.0416667
PosEuler 8.31864 -0.431228 1.6 -2.95326 1.19209e-007 0.0
tween 0.0416667
PosEuler 8.28128 -0.426708 1.6 -2.96062 2.38419e-007 0.0
tween 0.0416667
PosEuler 8.24394 -0.422188 1.6 -2.96776 0.0 0.0
tween 0.0416667
PosEuler 8.20656 -0.417782 1.6 -2.97466 1.19209e-007 0.0
tween 0.0416667
PosEuler 8.16919 -0.413424 1.6 -2.98131 1.19209e-007 0.0
tween 0.0416667
PosEuler 8.11945 -0.407668 1.6 -2.98767 0.0 0.0
tween 0.0416667
PosEuler 8.06968 -0.40207 1.6 -2.99373 1.19209e-007 0.0
tween 0.0416667
PosEuler 8.01991 -0.396495 1.6 -2.99947 2.38419e-007 0.0
tween 0.0416667
PosEuler 7.97012 -0.391089 1.6 -3.00487 0.0 0.0
tween 0.0416667
PosEuler 7.92033 -0.385683 1.6 -3.0099 0.0 0.0
tween 0.0416667
PosEuler 7.87053 -0.380458 1.6 -3.01456 0.0 0.0
tween 0.0416667
PosEuler 7.81457 -0.374588 1.6 -3.01881 0.0 0.0
tween 0.0416667
PosEuler 7.7586 -0.368905 1.6 -3.02264 0.0 0.0
tween 0.0416667
PosEuler 7.70262 -0.363237 1.6 -3.02602 0.0 0.0
tween 0.0416667
PosEuler 7.64663 -0.357738 1.6 -3.02894 2.38419e-007 0.0
tween 0.0416667
PosEuler 7.59064 -0.35226 1.6 -3.03137 0.0 0.0
tween 0.0416667
PosEuler 7.53462 -0.346933 1.6 -3.0333 0.0 0.0
tween 0.0416667
PosEuler 7.4976 -0.343412 1.6 -3.0347 1.19209e-007 0.0
tween 0.0416667
PosEuler 7.46055 -0.339966 1.6 -3.03556 0.0 0.0
tween 0.0416667
PosEuler 7.42352 -0.336552 1.6 -3.03585 0.0 0.0
tween 0.0416667
PosEuler 7.38648 -0.333137 1.6 -3.03585 0.0 0.0
tween 0.0416667
PosEuler 7.34944 -0.329797 1.6 -3.03585 0.0 0.0
tween 0.0416667
PosEuler 7.31239 -0.326483 1.6 -3.03585 0.0 0.0
tween 0.0416667
PosEuler 7.27534 -0.323169 1.6 -3.03585 0.0 0.0
tween 0.0416667
PosEuler 7.23829 -0.319925 1.6 -3.03585 0.0 0.0
tween 0.0416667
PosEuler 7.20123 -0.316707 1.6 -3.03585 0.0 0.0
tween 0.0416667
PosEuler 7.16417 -0.31349 1.6 -3.03585 0.0 0.0
tween 0.0416667
PosEuler 7.12712 -0.310336 1.6 -3.03585 0.0 0.0
tween 0.0416667
PosEuler 7.09004 -0.307208 1.6 -3.03585 0.0 0.0
tween 0.0416667
PosEuler 7.05298 -0.304081 1.6 -3.03585 0.0 0.0
tween 0.0416667
PosEuler 7.01592 -0.301011 1.6 -3.03585 0.0 0.0
tween 0.0416667
PosEuler 6.97884 -0.297969 1.6 -3.03585 0.0 0.0
tween 0.0416667
PosEuler 6.94178 -0.294928 1.6 -3.03585 0.0 0.0
tween 0.0416667
PosEuler 6.9047 -0.291936 1.6 -3.03585 0.0 0.0
tween 0.0416667
PosEuler 6.86762 -0.288975 1.6 -3.03585 0.0 0.0
tween 0.0416667
PosEuler 6.83054 -0.286015 1.6 -3.03585 0.0 0.0
tween 0.0416667
PosEuler 6.79346 -0.283096 1.6 -3.03585 0.0 0.0
tween 0.0416667
PosEuler 6.75638 -0.280213 1.6 -3.03585 0.0 0.0
tween 0.0416667
PosEuler 6.7193 -0.27733 1.6 -3.03585 0.0 0.0
tween 0.0416667
PosEuler 6.6822 -0.274479 1.6 -3.03585 0.0 0.0
tween 0.0416667
PosEuler 6.64512 -0.271669 1.6 -3.03585 0.0 0.0
tween 0.0416667
PosEuler 6.60803 -0.268858 1.6 -3.03585 0.0 0.0
tween 0.0416667
PosEuler 6.57094 -0.266073 1.6 -3.03585 0.0 0.0
tween 0.0416667
PosEuler 6.53385 -0.263331 1.6 -3.03585 0.0 0.0
tween 0.0416667
PosEuler 6.49674 -0.260588 1.6 -3.03585 0.0 0.0
tween 0.0416667
PosEuler 6.45965 -0.257865 1.6 -3.03585 0.0 0.0
tween 0.0416667
PosEuler 6.42256 -0.255188 1.6 -3.03585 0.0 0.0
tween 0.0416667
PosEuler 6.38546 -0.25251 1.6 -3.03585 0.0 0.0
tween 0.0416667
PosEuler 6.34835 -0.249844 1.6 -3.03585 0.0 0.0
tween 0.0416667
PosEuler 6.31125 -0.247228 1.6 -3.03585 0.0 0.0
tween 0.0416667
PosEuler 6.27415 -0.244612 1.6 -3.03585 0.0 0.0
tween 0.0416667
PosEuler 6.23705 -0.242002 1.6 -3.03585 0.0 0.0
tween 0.0416667
PosEuler 6.19993 -0.239442 1.6 -3.03585 0.0 0.0
tween 0.0416667
PosEuler 6.16283 -0.236884 1.6 -3.03585 0.0 0.0
tween 0.0416667
PosEuler 6.12572 -0.234325 1.6 -3.03585 0.0 0.0
tween 0.0416667
PosEuler 6.08861 -0.231821 1.6 -3.03585 0.0 0.0
tween 0.0416667
PosEuler 6.0515 -0.229316 1.6 -3.03585 0.0 0.0
tween 0.0416667
PosEuler 6.01439 -0.226811 1.6 -3.03585 0.0 0.0
tween 0.0416667
PosEuler 5.97727 -0.224353 1.6 -3.03585 0.0 0.0
tween 0.0416667
PosEuler 5.94016 -0.221899 1.6 -3.03585 0.0 0.0
tween 0.0416667
PosEuler 5.90304 -0.219445 1.6 -3.03585 0.0 0.0
tween 0.0416667
PosEuler 5.86593 -0.217031 1.6 -3.03585 0.0 0.0
tween 0.0416667
PosEuler 5.82881 -0.214624 1.6 -3.03585 0.0 0.0
tween 0.0416667
PosEuler 5.79169 -0.212217 1.6 -3.03585 0.0 0.0
tween 0.0416667
PosEuler 5.75457 -0.209845 1.6 -3.03585 0.0 0.0
tween 0.0416667
PosEuler 5.71745 -0.207483 1.6 -3.03585 0.0 0.0
tween 0.0416667
PosEuler 5.68033 -0.20512 1.6 -3.03585 0.0 0.0
tween 0.0416667
PosEuler 5.6432 -0.202787 1.6 -3.03585 0.0 0.0
tween 0.0416667
PosEuler 5.60608 -0.200466 1.6 -3.03585 0.0 0.0
tween 0.0416667
PosEuler 5.56896 -0.198145 1.6 -3.03585 0.0 0.0
tween 0.0416667
PosEuler 5.53183 -0.195848 1.6 -3.03585 0.0 0.0
tween 0.0416667
PosEuler 5.49471 -0.193565 1.6 -3.03585 0.0 0.0
tween 0.0416667
PosEuler 5.45759 -0.191282 1.6 -3.03585 0.0 0.0
tween 0.0416667
PosEuler 5.42046 -0.189021 1.6 -3.03585 0.0 0.0
tween 0.0416667
PosEuler 5.38333 -0.186773 1.6 -3.03585 0.0 0.0
tween 0.0416667
PosEuler 5.3462 -0.184525 1.6 -3.03585 0.0 0.0
tween 0.0416667
PosEuler 5.30907 -0.182296 1.6 -3.03585 0.0 0.0
tween 0.0416667
PosEuler 5.27194 -0.18008 1.6 -3.03585 0.0 0.0
tween 0.0416667
PosEuler 5.23481 -0.177864 1.6 -3.03585 0.0 0.0
tween 0.0416667
PosEuler 5.19768 -0.175665 1.6 -3.03585 0.0 0.0
tween 0.0416667
PosEuler 5.16055 -0.173478 1.6 -3.03585 0.0 0.0
tween 0.0416667
PosEuler 5.12342 -0.171291 1.6 -3.03585 0.0 0.0
tween 0.0416667
PosEuler 5.08629 -0.169121 1.6 -3.03585 0.0 0.0
tween 0.0416667
PosEuler 5.04915 -0.16696 1.6 -3.03585 0.0 0.0
tween 0.0416667
PosEuler 5.01202 -0.164799 1.6 -3.03585 0.0 0.0
tween 0.0416667
PosEuler 4.97489 -0.162654 1.6 -3.03585 0.0 0.0
tween 0.0416667
PosEuler 4.93776 -0.160516 1.6 -3.03585 0.0 0.0
tween 0.0416667
PosEuler 4.90062 -0.158378 1.6 -3.03585 0.0 0.0
tween 0.0416667
PosEuler 4.86349 -0.156255 1.6 -3.03585 0.0 0.0
tween 0.0416667
PosEuler 4.82635 -0.154137 1.6 -3.03585 0.0 0.0
tween 0.0416667
PosEuler 4.78922 -0.152019 1.6 -3.03585 0.0 0.0
tween 0.0416667
PosEuler 4.75208 -0.149916 1.6 -3.03585 0.0 0.0
tween 0.0416667
PosEuler 4.71494 -0.147815 1.6 -3.03585 0.0 0.0
tween 0.0416667
PosEuler 4.67781 -0.145714 1.6 -3.03585 0.0 0.0
tween 0.0416667
PosEuler 4.64067 -0.143627 1.6 -3.03585 0.0 0.0
tween 0.0416667
PosEuler 4.60353 -0.14154 1.6 -3.03585 0.0 0.0
tween 0.0416667
PosEuler 4.56639 -0.139454 1.6 -3.03585 0.0 0.0
tween 0.0416667
PosEuler 4.52926 -0.137378 1.6 -3.03585 0.0 0.0
tween 0.0416667
PosEuler 4.49212 -0.135301 1.6 -3.03585 0.0 0.0
tween 0.0416667
PosEuler 4.45499 -0.133227 1.6 -3.03585 0.0 0.0
tween 0.0416667
PosEuler 4.41784 -0.131158 1.6 -3.03585 0.0 0.0
tween 0.0416667
PosEuler 4.38071 -0.129089 1.6 -3.03585 0.0 0.0
tween 0.0416667
PosEuler 4.34357 -0.127022 1.6 -3.03585 0.0 0.0
tween 0.0416667
PosEuler 4.30643 -0.124956 1.6 -3.03585 0.0 0.0
tween 0.0416667
PosEuler 4.26929 -0.122891 1.6 -3.03585 0.0 0.0
tween 0.0416667
PosEuler 4.23215 -0.120826 1.6 -3.03585 0.0 0.0
tween 0.0416667
PosEuler 4.19501 -0.118761 1.6 -3.03585 0.0 0.0
tween 0.0416667
PosEuler 4.15787 -0.116695 1.6 -3.03585 0.0 0.0
tween 0.0416667
PosEuler 4.12074 -0.114627 1.6 -3.03585 0.0 0.0
tween 0.0416667
PosEuler 4.0836 -0.112558 1.6 -3.03585 0.0 0.0
tween 0.0416667
PosEuler 4.04646 -0.110485 1.6 -3.03585 0.0 0.0
tween 0.0416667
PosEuler 4.00932 -0.10841 1.6 -3.03585 0.0 0.0
tween 0.0416667
PosEuler 3.97219 -0.106334 1.6 -3.03585 0.0 0.0
tween 0.0416667
PosEuler 3.93505 -0.104247 1.6 -3.03585 0.0 0.0
tween 0.0416667
PosEuler 3.89791 -0.10216 1.6 -3.03585 0.0 0.0
tween 0.0416667
PosEuler 3.86078 -0.100066 1.6 -3.03585 0.0 0.0
tween 0.0416667
PosEuler 3.82364 -0.0979625 1.6 -3.03585 0.0 0.0
tween 0.0416667
PosEuler 3.7865 -0.0958589 1.6 -3.03585 0.0 0.0
tween 0.0416667
PosEuler 3.74937 -0.0937369 1.6 -3.03585 0.0 0.0
tween 0.0416667
PosEuler 3.71223 -0.0916129 1.6 -3.03585 0.0 0.0

